v1	d(Id(M1))/Id(M1)
Step Information: L=16n  (Run: 1/5)
0.000000000000000e+000	2.482447e+001
1.000000000000000e-003	2.451750e+001
2.000000000000000e-003	2.450510e+001
3.000000000000000e-003	2.449256e+001
4.000000000000000e-003	2.447986e+001
5.000000000000000e-003	2.446701e+001
6.000000000000000e-003	2.445400e+001
7.000000000000000e-003	2.444079e+001
8.000000000000000e-003	2.442739e+001
9.000000000000001e-003	2.441382e+001
1.000000000000000e-002	2.440009e+001
1.100000000000000e-002	2.438617e+001
1.200000000000000e-002	2.437210e+001
1.300000000000001e-002	2.435787e+001
1.400000000000001e-002	2.434346e+001
1.500000000000001e-002	2.432886e+001
1.600000000000001e-002	2.431408e+001
1.700000000000001e-002	2.429915e+001
1.800000000000001e-002	2.428405e+001
1.900000000000001e-002	2.426870e+001
2.000000000000001e-002	2.425322e+001
2.100000000000001e-002	2.423764e+001
2.200000000000001e-002	2.422181e+001
2.300000000000001e-002	2.420577e+001
2.400000000000001e-002	2.418954e+001
2.500000000000002e-002	2.417321e+001
2.600000000000002e-002	2.415670e+001
2.700000000000002e-002	2.413991e+001
2.800000000000002e-002	2.412301e+001
2.900000000000002e-002	2.410597e+001
3.000000000000002e-002	2.408866e+001
3.100000000000002e-002	2.407120e+001
3.200000000000002e-002	2.405359e+001
3.300000000000002e-002	2.403573e+001
3.400000000000002e-002	2.401769e+001
3.500000000000002e-002	2.399952e+001
3.600000000000003e-002	2.398117e+001
3.700000000000003e-002	2.396255e+001
3.800000000000003e-002	2.394377e+001
3.900000000000003e-002	2.392486e+001
4.000000000000003e-002	2.390572e+001
4.100000000000003e-002	2.388637e+001
4.200000000000003e-002	2.386684e+001
4.300000000000003e-002	2.384715e+001
4.400000000000003e-002	2.382724e+001
4.500000000000003e-002	2.380712e+001
4.600000000000003e-002	2.378682e+001
4.700000000000004e-002	2.376634e+001
4.800000000000004e-002	2.374566e+001
4.900000000000004e-002	2.372479e+001
5.000000000000004e-002	2.370369e+001
5.100000000000004e-002	2.368238e+001
5.200000000000004e-002	2.366094e+001
5.300000000000004e-002	2.363931e+001
5.400000000000004e-002	2.361743e+001
5.500000000000004e-002	2.359533e+001
5.600000000000004e-002	2.357305e+001
5.700000000000004e-002	2.355055e+001
5.800000000000005e-002	2.352792e+001
5.900000000000005e-002	2.350502e+001
6.000000000000005e-002	2.348192e+001
6.100000000000005e-002	2.345867e+001
6.200000000000005e-002	2.343515e+001
6.300000000000004e-002	2.341145e+001
6.400000000000004e-002	2.338757e+001
6.500000000000004e-002	2.336347e+001
6.600000000000005e-002	2.333914e+001
6.700000000000005e-002	2.331462e+001
6.800000000000005e-002	2.328988e+001
6.900000000000005e-002	2.326493e+001
7.000000000000005e-002	2.323978e+001
7.100000000000005e-002	2.321442e+001
7.200000000000005e-002	2.318885e+001
7.300000000000005e-002	2.316306e+001
7.400000000000005e-002	2.313708e+001
7.500000000000005e-002	2.311089e+001
7.600000000000005e-002	2.308447e+001
7.700000000000006e-002	2.305781e+001
7.800000000000006e-002	2.303094e+001
7.900000000000006e-002	2.300392e+001
8.000000000000006e-002	2.297667e+001
8.100000000000006e-002	2.294915e+001
8.200000000000006e-002	2.292144e+001
8.300000000000006e-002	2.289354e+001
8.400000000000006e-002	2.286542e+001
8.500000000000006e-002	2.283708e+001
8.600000000000006e-002	2.280845e+001
8.700000000000006e-002	2.277970e+001
8.800000000000006e-002	2.275071e+001
8.900000000000007e-002	2.272147e+001
9.000000000000007e-002	2.269204e+001
9.100000000000007e-002	2.266240e+001
9.200000000000007e-002	2.263252e+001
9.300000000000007e-002	2.260241e+001
9.400000000000007e-002	2.257210e+001
9.500000000000007e-002	2.254159e+001
9.600000000000007e-002	2.251084e+001
9.700000000000007e-002	2.247984e+001
9.800000000000007e-002	2.244866e+001
9.900000000000007e-002	2.241724e+001
1.000000000000001e-001	2.238560e+001
1.010000000000001e-001	2.235376e+001
1.020000000000001e-001	2.232171e+001
1.030000000000001e-001	2.228939e+001
1.040000000000001e-001	2.225686e+001
1.050000000000001e-001	2.222414e+001
1.060000000000001e-001	2.219118e+001
1.070000000000001e-001	2.215799e+001
1.080000000000001e-001	2.212457e+001
1.090000000000001e-001	2.209097e+001
1.100000000000001e-001	2.205715e+001
1.110000000000001e-001	2.202302e+001
1.120000000000001e-001	2.198869e+001
1.130000000000001e-001	2.195425e+001
1.140000000000001e-001	2.191952e+001
1.150000000000001e-001	2.188449e+001
1.160000000000001e-001	2.184932e+001
1.170000000000001e-001	2.181393e+001
1.180000000000001e-001	2.177827e+001
1.190000000000001e-001	2.174241e+001
1.200000000000001e-001	2.170638e+001
1.210000000000001e-001	2.167004e+001
1.220000000000001e-001	2.163351e+001
1.230000000000001e-001	2.159677e+001
1.240000000000001e-001	2.155976e+001
1.250000000000001e-001	2.152260e+001
1.260000000000001e-001	2.148515e+001
1.270000000000001e-001	2.144750e+001
1.280000000000001e-001	2.140966e+001
1.290000000000001e-001	2.137152e+001
1.300000000000001e-001	2.133318e+001
1.310000000000001e-001	2.129467e+001
1.320000000000001e-001	2.125589e+001
1.330000000000001e-001	2.121687e+001
1.340000000000001e-001	2.117767e+001
1.350000000000001e-001	2.113823e+001
1.360000000000001e-001	2.109853e+001
1.370000000000001e-001	2.105861e+001
1.380000000000001e-001	2.101848e+001
1.390000000000001e-001	2.097812e+001
1.400000000000001e-001	2.093759e+001
1.410000000000001e-001	2.089677e+001
1.420000000000001e-001	2.085571e+001
1.430000000000001e-001	2.081447e+001
1.440000000000001e-001	2.077292e+001
1.450000000000001e-001	2.073121e+001
1.460000000000001e-001	2.068933e+001
1.470000000000001e-001	2.064716e+001
1.480000000000001e-001	2.060470e+001
1.490000000000001e-001	2.056204e+001
1.500000000000001e-001	2.051922e+001
1.510000000000001e-001	2.047618e+001
1.520000000000001e-001	2.043281e+001
1.530000000000001e-001	2.038922e+001
1.540000000000001e-001	2.034548e+001
1.550000000000001e-001	2.030149e+001
1.560000000000001e-001	2.025725e+001
1.570000000000001e-001	2.021272e+001
1.580000000000001e-001	2.016801e+001
1.590000000000001e-001	2.012313e+001
1.600000000000001e-001	2.007794e+001
1.610000000000001e-001	2.003249e+001
1.620000000000001e-001	1.998686e+001
1.630000000000001e-001	1.994100e+001
1.640000000000001e-001	1.989488e+001
1.650000000000001e-001	1.984857e+001
1.660000000000001e-001	1.980197e+001
1.670000000000001e-001	1.975515e+001
1.680000000000001e-001	1.970811e+001
1.690000000000001e-001	1.966082e+001
1.700000000000001e-001	1.961329e+001
1.710000000000001e-001	1.956553e+001
1.720000000000001e-001	1.951756e+001
1.730000000000001e-001	1.946928e+001
1.740000000000001e-001	1.942084e+001
1.750000000000001e-001	1.937213e+001
1.760000000000001e-001	1.932313e+001
1.770000000000001e-001	1.927397e+001
1.780000000000001e-001	1.922452e+001
1.790000000000001e-001	1.917487e+001
1.800000000000001e-001	1.912494e+001
1.810000000000001e-001	1.907474e+001
1.820000000000001e-001	1.902440e+001
1.830000000000001e-001	1.897376e+001
1.840000000000001e-001	1.892285e+001
1.850000000000001e-001	1.887177e+001
1.860000000000001e-001	1.882041e+001
1.870000000000001e-001	1.876877e+001
1.880000000000001e-001	1.871694e+001
1.890000000000001e-001	1.866485e+001
1.900000000000001e-001	1.861252e+001
1.910000000000001e-001	1.855994e+001
1.920000000000001e-001	1.850711e+001
1.930000000000001e-001	1.845408e+001
1.940000000000001e-001	1.840079e+001
1.950000000000002e-001	1.834726e+001
1.960000000000002e-001	1.829344e+001
1.970000000000002e-001	1.823943e+001
1.980000000000002e-001	1.818519e+001
1.990000000000002e-001	1.813068e+001
2.000000000000002e-001	1.807595e+001
2.010000000000002e-001	1.802098e+001
2.020000000000002e-001	1.796574e+001
2.030000000000002e-001	1.791030e+001
2.040000000000002e-001	1.785461e+001
2.050000000000002e-001	1.779866e+001
2.060000000000002e-001	1.774254e+001
2.070000000000002e-001	1.768615e+001
2.080000000000002e-001	1.762949e+001
2.090000000000002e-001	1.757266e+001
2.100000000000002e-001	1.751556e+001
2.110000000000002e-001	1.745826e+001
2.120000000000002e-001	1.740069e+001
2.130000000000002e-001	1.734293e+001
2.140000000000002e-001	1.728497e+001
2.150000000000002e-001	1.722673e+001
2.160000000000002e-001	1.716829e+001
2.170000000000002e-001	1.710967e+001
2.180000000000002e-001	1.705082e+001
2.190000000000002e-001	1.699168e+001
2.200000000000002e-001	1.693241e+001
2.210000000000002e-001	1.687294e+001
2.220000000000002e-001	1.681320e+001
2.230000000000002e-001	1.675325e+001
2.240000000000002e-001	1.669312e+001
2.250000000000002e-001	1.663284e+001
2.260000000000002e-001	1.657234e+001
2.270000000000002e-001	1.651163e+001
2.280000000000002e-001	1.645071e+001
2.290000000000002e-001	1.638960e+001
2.300000000000002e-001	1.632833e+001
2.310000000000002e-001	1.626689e+001
2.320000000000002e-001	1.620529e+001
2.330000000000002e-001	1.614348e+001
2.340000000000002e-001	1.608145e+001
2.350000000000002e-001	1.601931e+001
2.360000000000002e-001	1.595701e+001
2.370000000000002e-001	1.589450e+001
2.380000000000002e-001	1.583189e+001
2.390000000000002e-001	1.576912e+001
2.400000000000002e-001	1.570619e+001
2.410000000000002e-001	1.564313e+001
2.420000000000002e-001	1.557989e+001
2.430000000000002e-001	1.551655e+001
2.440000000000002e-001	1.545305e+001
2.450000000000002e-001	1.538944e+001
2.460000000000002e-001	1.532573e+001
2.470000000000002e-001	1.526186e+001
2.480000000000002e-001	1.519790e+001
2.490000000000002e-001	1.513383e+001
2.500000000000002e-001	1.506965e+001
2.510000000000002e-001	1.500540e+001
2.520000000000002e-001	1.494104e+001
2.530000000000002e-001	1.487656e+001
2.540000000000002e-001	1.481204e+001
2.550000000000002e-001	1.474746e+001
2.560000000000002e-001	1.468277e+001
2.570000000000002e-001	1.461794e+001
2.580000000000002e-001	1.455312e+001
2.590000000000002e-001	1.448832e+001
2.600000000000002e-001	1.442336e+001
2.610000000000002e-001	1.435837e+001
2.620000000000002e-001	1.429338e+001
2.630000000000002e-001	1.422831e+001
2.640000000000002e-001	1.416325e+001
2.650000000000002e-001	1.409816e+001
2.660000000000002e-001	1.403297e+001
2.670000000000002e-001	1.396786e+001
2.680000000000002e-001	1.390276e+001
2.690000000000002e-001	1.383754e+001
2.700000000000002e-001	1.377242e+001
2.710000000000002e-001	1.370729e+001
2.720000000000002e-001	1.364212e+001
2.730000000000002e-001	1.357703e+001
2.740000000000002e-001	1.351199e+001
2.750000000000002e-001	1.344691e+001
2.760000000000002e-001	1.338188e+001
2.770000000000002e-001	1.331694e+001
2.780000000000002e-001	1.325201e+001
2.790000000000002e-001	1.318712e+001
2.800000000000002e-001	1.312229e+001
2.810000000000002e-001	1.305755e+001
2.820000000000002e-001	1.299287e+001
2.830000000000002e-001	1.292828e+001
2.840000000000002e-001	1.286371e+001
2.850000000000002e-001	1.279927e+001
2.860000000000002e-001	1.273492e+001
2.870000000000002e-001	1.267067e+001
2.880000000000002e-001	1.260652e+001
2.890000000000002e-001	1.254245e+001
2.900000000000002e-001	1.247848e+001
2.910000000000002e-001	1.241468e+001
2.920000000000002e-001	1.235097e+001
2.930000000000002e-001	1.228735e+001
2.940000000000002e-001	1.222393e+001
2.950000000000002e-001	1.216063e+001
2.960000000000002e-001	1.209742e+001
2.970000000000002e-001	1.203437e+001
2.980000000000002e-001	1.197147e+001
2.990000000000002e-001	1.190876e+001
3.000000000000002e-001	1.184620e+001
3.010000000000002e-001	1.178377e+001
3.020000000000002e-001	1.172151e+001
3.030000000000002e-001	1.165943e+001
3.040000000000002e-001	1.159754e+001
3.050000000000002e-001	1.153584e+001
3.060000000000002e-001	1.147431e+001
3.070000000000002e-001	1.141293e+001
3.080000000000002e-001	1.135174e+001
3.090000000000002e-001	1.129079e+001
3.100000000000002e-001	1.123006e+001
3.110000000000002e-001	1.116943e+001
3.120000000000002e-001	1.110910e+001
3.130000000000002e-001	1.104895e+001
3.140000000000002e-001	1.098900e+001
3.150000000000002e-001	1.092931e+001
3.160000000000002e-001	1.086978e+001
3.170000000000002e-001	1.081047e+001
3.180000000000002e-001	1.075145e+001
3.190000000000002e-001	1.069266e+001
3.200000000000002e-001	1.063401e+001
3.210000000000002e-001	1.057566e+001
3.220000000000002e-001	1.051757e+001
3.230000000000002e-001	1.045964e+001
3.240000000000002e-001	1.040198e+001
3.250000000000002e-001	1.034465e+001
3.260000000000002e-001	1.028749e+001
3.270000000000002e-001	1.023057e+001
3.280000000000002e-001	1.017393e+001
3.290000000000002e-001	1.011755e+001
3.300000000000002e-001	1.006141e+001
3.310000000000002e-001	1.000552e+001
3.320000000000002e-001	9.949896e+000
3.330000000000002e-001	9.894530e+000
3.340000000000002e-001	9.839473e+000
3.350000000000002e-001	9.784638e+000
3.360000000000002e-001	9.730074e+000
3.370000000000002e-001	9.675783e+000
3.380000000000002e-001	9.621769e+000
3.390000000000003e-001	9.568031e+000
3.400000000000003e-001	9.514573e+000
3.410000000000003e-001	9.461395e+000
3.420000000000003e-001	9.408460e+000
3.430000000000003e-001	9.355809e+000
3.440000000000003e-001	9.303444e+000
3.450000000000003e-001	9.251366e+000
3.460000000000003e-001	9.199535e+000
3.470000000000003e-001	9.148034e+000
3.480000000000003e-001	9.096781e+000
3.490000000000003e-001	9.045818e+000
3.500000000000003e-001	8.995184e+000
3.510000000000003e-001	8.944800e+000
3.520000000000003e-001	8.894668e+000
3.530000000000003e-001	8.844826e+000
3.540000000000003e-001	8.795349e+000
3.550000000000003e-001	8.746085e+000
3.560000000000003e-001	8.697111e+000
3.570000000000003e-001	8.648460e+000
3.580000000000003e-001	8.600060e+000
3.590000000000003e-001	8.551982e+000
3.600000000000003e-001	8.504154e+000
3.610000000000003e-001	8.456645e+000
3.620000000000003e-001	8.409419e+000
3.630000000000003e-001	8.362440e+000
3.640000000000003e-001	8.315810e+000
3.650000000000003e-001	8.269425e+000
3.660000000000003e-001	8.223351e+000
3.670000000000003e-001	8.177552e+000
3.680000000000003e-001	8.132028e+000
3.690000000000003e-001	8.086810e+000
3.700000000000003e-001	8.041862e+000
3.710000000000003e-001	7.997215e+000
3.720000000000003e-001	7.952836e+000
3.730000000000003e-001	7.908753e+000
3.740000000000003e-001	7.864965e+000
3.750000000000003e-001	7.821438e+000
3.760000000000003e-001	7.778201e+000
3.770000000000003e-001	7.735252e+000
3.780000000000003e-001	7.692588e+000
3.790000000000003e-001	7.650206e+000
3.800000000000003e-001	7.608074e+000
3.810000000000003e-001	7.566221e+000
3.820000000000003e-001	7.524732e+000
3.830000000000003e-001	7.483484e+000
3.840000000000003e-001	7.442448e+000
3.850000000000003e-001	7.401738e+000
3.860000000000003e-001	7.361292e+000
3.870000000000003e-001	7.321109e+000
3.880000000000003e-001	7.281241e+000
3.890000000000003e-001	7.241629e+000
3.900000000000003e-001	7.202272e+000
3.910000000000003e-001	7.163165e+000
3.920000000000003e-001	7.124362e+000
3.930000000000003e-001	7.085859e+000
3.940000000000003e-001	7.047598e+000
3.950000000000003e-001	7.009630e+000
3.960000000000003e-001	6.971846e+000
3.970000000000003e-001	6.934350e+000
3.980000000000003e-001	6.897191e+000
3.990000000000003e-001	6.860208e+000
4.000000000000003e-001	6.823504e+000
4.010000000000003e-001	6.787126e+000
4.020000000000003e-001	6.750916e+000
4.030000000000003e-001	6.714976e+000
4.040000000000003e-001	6.679352e+000
4.050000000000003e-001	6.643990e+000
4.060000000000003e-001	6.608836e+000
4.070000000000003e-001	6.573889e+000
4.080000000000003e-001	6.539245e+000
4.090000000000003e-001	6.504852e+000
4.100000000000003e-001	6.470705e+000
4.110000000000003e-001	6.436801e+000
4.120000000000003e-001	6.403139e+000
4.130000000000003e-001	6.369714e+000
4.140000000000003e-001	6.336525e+000
4.150000000000003e-001	6.303615e+000
4.160000000000003e-001	6.270933e+000
4.170000000000003e-001	6.238478e+000
4.180000000000003e-001	6.206245e+000
4.190000000000003e-001	6.174279e+000
4.200000000000003e-001	6.142529e+000
4.210000000000003e-001	6.110994e+000
4.220000000000003e-001	6.079716e+000
4.230000000000003e-001	6.048647e+000
4.240000000000003e-001	6.017828e+000
4.250000000000003e-001	5.987213e+000
4.260000000000003e-001	5.956842e+000
4.270000000000003e-001	5.926668e+000
4.280000000000003e-001	5.896734e+000
4.290000000000003e-001	5.867078e+000
4.300000000000003e-001	5.837567e+000
4.310000000000003e-001	5.808245e+000
4.320000000000003e-001	5.779192e+000
4.330000000000003e-001	5.750405e+000
4.340000000000003e-001	5.721754e+000
4.350000000000003e-001	5.693323e+000
4.360000000000003e-001	5.665148e+000
4.370000000000003e-001	5.637144e+000
4.380000000000003e-001	5.609350e+000
4.390000000000003e-001	5.581764e+000
4.400000000000003e-001	5.554383e+000
4.410000000000003e-001	5.527203e+000
4.420000000000003e-001	5.500223e+000
4.430000000000003e-001	5.473480e+000
4.440000000000003e-001	5.446891e+000
4.450000000000003e-001	5.420494e+000
4.460000000000003e-001	5.394364e+000
4.470000000000003e-001	5.368382e+000
4.480000000000003e-001	5.342545e+000
4.490000000000003e-001	5.316967e+000
4.500000000000003e-001	5.291568e+000
4.510000000000004e-001	5.266308e+000
4.520000000000004e-001	5.241299e+000
4.530000000000004e-001	5.216462e+000
4.540000000000004e-001	5.191795e+000
4.550000000000004e-001	5.167332e+000
4.560000000000004e-001	5.143035e+000
4.570000000000004e-001	5.118901e+000
4.580000000000004e-001	5.094964e+000
4.590000000000004e-001	5.071223e+000
4.600000000000004e-001	5.047638e+000
4.610000000000004e-001	5.024244e+000
4.620000000000004e-001	5.001001e+000
4.630000000000004e-001	4.977909e+000
4.640000000000004e-001	4.955037e+000
4.650000000000004e-001	4.932346e+000
4.660000000000004e-001	4.909798e+000
4.670000000000004e-001	4.887393e+000
4.680000000000004e-001	4.865162e+000
4.690000000000004e-001	4.843140e+000
4.700000000000004e-001	4.821252e+000
4.710000000000004e-001	4.799499e+000
4.720000000000004e-001	4.777913e+000
4.730000000000004e-001	4.756526e+000
4.740000000000004e-001	4.735301e+000
4.750000000000004e-001	4.714168e+000
4.760000000000004e-001	4.693228e+000
4.770000000000004e-001	4.672478e+000
4.780000000000004e-001	4.651849e+000
4.790000000000004e-001	4.631339e+000
4.800000000000004e-001	4.611014e+000
4.810000000000004e-001	4.590871e+000
4.820000000000004e-001	4.570808e+000
4.830000000000004e-001	4.550925e+000
4.840000000000004e-001	4.531184e+000
4.850000000000004e-001	4.511586e+000
4.860000000000004e-001	4.492159e+000
4.870000000000004e-001	4.472807e+000
4.880000000000004e-001	4.453656e+000
4.890000000000004e-001	4.434639e+000
4.900000000000004e-001	4.415723e+000
4.910000000000004e-001	4.397003e+000
4.920000000000004e-001	4.378381e+000
4.930000000000004e-001	4.359887e+000
4.940000000000004e-001	4.341520e+000
4.950000000000004e-001	4.323309e+000
4.960000000000004e-001	4.305253e+000
4.970000000000004e-001	4.287288e+000
4.980000000000004e-001	4.269444e+000
4.990000000000004e-001	4.251749e+000
5.000000000000000e-001	4.233990e+000
Step Information: L=32n  (Run: 2/5)
0.000000000000000e+000	8.589034e+000
1.000000000000000e-003	8.662793e+000
2.000000000000000e-003	8.882077e+000
3.000000000000000e-003	9.102236e+000
4.000000000000000e-003	9.323061e+000
5.000000000000000e-003	9.544459e+000
6.000000000000000e-003	9.766441e+000
7.000000000000000e-003	9.988821e+000
8.000000000000000e-003	1.021145e+001
9.000000000000001e-003	1.043436e+001
1.000000000000000e-002	1.065735e+001
1.100000000000000e-002	1.088032e+001
1.200000000000000e-002	1.110322e+001
1.300000000000001e-002	1.132594e+001
1.400000000000001e-002	1.154833e+001
1.500000000000001e-002	1.177032e+001
1.600000000000001e-002	1.199182e+001
1.700000000000001e-002	1.221271e+001
1.800000000000001e-002	1.243293e+001
1.900000000000001e-002	1.265231e+001
2.000000000000001e-002	1.287082e+001
2.100000000000001e-002	1.308837e+001
2.200000000000001e-002	1.330480e+001
2.300000000000001e-002	1.352009e+001
2.400000000000001e-002	1.373413e+001
2.500000000000002e-002	1.394679e+001
2.600000000000002e-002	1.415806e+001
2.700000000000002e-002	1.436777e+001
2.800000000000002e-002	1.457591e+001
2.900000000000002e-002	1.478243e+001
3.000000000000002e-002	1.498722e+001
3.100000000000002e-002	1.519016e+001
3.200000000000002e-002	1.539120e+001
3.300000000000002e-002	1.559031e+001
3.400000000000002e-002	1.578739e+001
3.500000000000002e-002	1.598245e+001
3.600000000000003e-002	1.617543e+001
3.700000000000003e-002	1.636613e+001
3.800000000000003e-002	1.655463e+001
3.900000000000003e-002	1.674088e+001
4.000000000000003e-002	1.692480e+001
4.100000000000003e-002	1.710639e+001
4.200000000000003e-002	1.728554e+001
4.300000000000003e-002	1.746226e+001
4.400000000000003e-002	1.763652e+001
4.500000000000003e-002	1.780827e+001
4.600000000000003e-002	1.797752e+001
4.700000000000004e-002	1.814425e+001
4.800000000000004e-002	1.830842e+001
4.900000000000004e-002	1.846996e+001
5.000000000000004e-002	1.862892e+001
5.100000000000004e-002	1.878531e+001
5.200000000000004e-002	1.893906e+001
5.300000000000004e-002	1.909018e+001
5.400000000000004e-002	1.923869e+001
5.500000000000004e-002	1.938458e+001
5.600000000000004e-002	1.952783e+001
5.700000000000004e-002	1.966845e+001
5.800000000000005e-002	1.980648e+001
5.900000000000005e-002	1.994189e+001
6.000000000000005e-002	2.007467e+001
6.100000000000005e-002	2.020489e+001
6.200000000000005e-002	2.033253e+001
6.300000000000004e-002	2.045759e+001
6.400000000000004e-002	2.058014e+001
6.500000000000004e-002	2.070014e+001
6.600000000000005e-002	2.081763e+001
6.700000000000005e-002	2.093270e+001
6.800000000000005e-002	2.104522e+001
6.900000000000005e-002	2.115536e+001
7.000000000000005e-002	2.126307e+001
7.100000000000005e-002	2.136829e+001
7.200000000000005e-002	2.147130e+001
7.300000000000005e-002	2.157191e+001
7.400000000000005e-002	2.167017e+001
7.500000000000005e-002	2.176624e+001
7.600000000000005e-002	2.186000e+001
7.700000000000006e-002	2.195155e+001
7.800000000000006e-002	2.204093e+001
7.900000000000006e-002	2.212819e+001
8.000000000000006e-002	2.221327e+001
8.100000000000006e-002	2.229627e+001
8.200000000000006e-002	2.237726e+001
8.300000000000006e-002	2.245611e+001
8.400000000000006e-002	2.253308e+001
8.500000000000006e-002	2.260806e+001
8.600000000000006e-002	2.268112e+001
8.700000000000006e-002	2.275231e+001
8.800000000000006e-002	2.282156e+001
8.900000000000007e-002	2.288902e+001
9.000000000000007e-002	2.295474e+001
9.100000000000007e-002	2.301867e+001
9.200000000000007e-002	2.308086e+001
9.300000000000007e-002	2.314139e+001
9.400000000000007e-002	2.320023e+001
9.500000000000007e-002	2.325746e+001
9.600000000000007e-002	2.331307e+001
9.700000000000007e-002	2.336714e+001
9.800000000000007e-002	2.341971e+001
9.900000000000007e-002	2.347072e+001
1.000000000000001e-001	2.352032e+001
1.010000000000001e-001	2.356845e+001
1.020000000000001e-001	2.361515e+001
1.030000000000001e-001	2.366049e+001
1.040000000000001e-001	2.370445e+001
1.050000000000001e-001	2.374714e+001
1.060000000000001e-001	2.378856e+001
1.070000000000001e-001	2.382865e+001
1.080000000000001e-001	2.386754e+001
1.090000000000001e-001	2.390525e+001
1.100000000000001e-001	2.394175e+001
1.110000000000001e-001	2.397708e+001
1.120000000000001e-001	2.401129e+001
1.130000000000001e-001	2.404440e+001
1.140000000000001e-001	2.407644e+001
1.150000000000001e-001	2.410745e+001
1.160000000000001e-001	2.413742e+001
1.170000000000001e-001	2.416637e+001
1.180000000000001e-001	2.419430e+001
1.190000000000001e-001	2.422133e+001
1.200000000000001e-001	2.424744e+001
1.210000000000001e-001	2.427258e+001
1.220000000000001e-001	2.429681e+001
1.230000000000001e-001	2.432020e+001
1.240000000000001e-001	2.434278e+001
1.250000000000001e-001	2.436448e+001
1.260000000000001e-001	2.438536e+001
1.270000000000001e-001	2.440547e+001
1.280000000000001e-001	2.442478e+001
1.290000000000001e-001	2.444336e+001
1.300000000000001e-001	2.446120e+001
1.310000000000001e-001	2.447831e+001
1.320000000000001e-001	2.449472e+001
1.330000000000001e-001	2.451039e+001
1.340000000000001e-001	2.452541e+001
1.350000000000001e-001	2.453982e+001
1.360000000000001e-001	2.455359e+001
1.370000000000001e-001	2.456667e+001
1.380000000000001e-001	2.457916e+001
1.390000000000001e-001	2.459109e+001
1.400000000000001e-001	2.460238e+001
1.410000000000001e-001	2.461314e+001
1.420000000000001e-001	2.462335e+001
1.430000000000001e-001	2.463297e+001
1.440000000000001e-001	2.464206e+001
1.450000000000001e-001	2.465067e+001
1.460000000000001e-001	2.465876e+001
1.470000000000001e-001	2.466634e+001
1.480000000000001e-001	2.467345e+001
1.490000000000001e-001	2.468006e+001
1.500000000000001e-001	2.468621e+001
1.510000000000001e-001	2.469192e+001
1.520000000000001e-001	2.469720e+001
1.530000000000001e-001	2.470201e+001
1.540000000000001e-001	2.470638e+001
1.550000000000001e-001	2.471040e+001
1.560000000000001e-001	2.471398e+001
1.570000000000001e-001	2.471712e+001
1.580000000000001e-001	2.471993e+001
1.590000000000001e-001	2.472231e+001
1.600000000000001e-001	2.472436e+001
1.610000000000001e-001	2.472602e+001
1.620000000000001e-001	2.472732e+001
1.630000000000001e-001	2.472824e+001
1.640000000000001e-001	2.472884e+001
1.650000000000001e-001	2.472914e+001
1.660000000000001e-001	2.472902e+001
1.670000000000001e-001	2.472863e+001
1.680000000000001e-001	2.472793e+001
1.690000000000001e-001	2.472692e+001
1.700000000000001e-001	2.472559e+001
1.710000000000001e-001	2.472392e+001
1.720000000000001e-001	2.472197e+001
1.730000000000001e-001	2.471975e+001
1.740000000000001e-001	2.471724e+001
1.750000000000001e-001	2.471444e+001
1.760000000000001e-001	2.471138e+001
1.770000000000001e-001	2.470802e+001
1.780000000000001e-001	2.470441e+001
1.790000000000001e-001	2.470051e+001
1.800000000000001e-001	2.469637e+001
1.810000000000001e-001	2.469201e+001
1.820000000000001e-001	2.468734e+001
1.830000000000001e-001	2.468244e+001
1.840000000000001e-001	2.467731e+001
1.850000000000001e-001	2.467197e+001
1.860000000000001e-001	2.466635e+001
1.870000000000001e-001	2.466046e+001
1.880000000000001e-001	2.465444e+001
1.890000000000001e-001	2.464813e+001
1.900000000000001e-001	2.464156e+001
1.910000000000001e-001	2.463484e+001
1.920000000000001e-001	2.462788e+001
1.930000000000001e-001	2.462065e+001
1.940000000000001e-001	2.461328e+001
1.950000000000002e-001	2.460568e+001
1.960000000000002e-001	2.459782e+001
1.970000000000002e-001	2.458986e+001
1.980000000000002e-001	2.458163e+001
1.990000000000002e-001	2.457320e+001
2.000000000000002e-001	2.456455e+001
2.010000000000002e-001	2.455573e+001
2.020000000000002e-001	2.454674e+001
2.030000000000002e-001	2.453751e+001
2.040000000000002e-001	2.452810e+001
2.050000000000002e-001	2.451849e+001
2.060000000000002e-001	2.450872e+001
2.070000000000002e-001	2.449879e+001
2.080000000000002e-001	2.448863e+001
2.090000000000002e-001	2.447825e+001
2.100000000000002e-001	2.446775e+001
2.110000000000002e-001	2.445708e+001
2.120000000000002e-001	2.444621e+001
2.130000000000002e-001	2.443513e+001
2.140000000000002e-001	2.442393e+001
2.150000000000002e-001	2.441256e+001
2.160000000000002e-001	2.440096e+001
2.170000000000002e-001	2.438919e+001
2.180000000000002e-001	2.437725e+001
2.190000000000002e-001	2.436520e+001
2.200000000000002e-001	2.435297e+001
2.210000000000002e-001	2.434052e+001
2.220000000000002e-001	2.432791e+001
2.230000000000002e-001	2.431518e+001
2.240000000000002e-001	2.430225e+001
2.250000000000002e-001	2.428917e+001
2.260000000000002e-001	2.427595e+001
2.270000000000002e-001	2.426254e+001
2.280000000000002e-001	2.424898e+001
2.290000000000002e-001	2.423522e+001
2.300000000000002e-001	2.422132e+001
2.310000000000002e-001	2.420732e+001
2.320000000000002e-001	2.419312e+001
2.330000000000002e-001	2.417876e+001
2.340000000000002e-001	2.416425e+001
2.350000000000002e-001	2.414956e+001
2.360000000000002e-001	2.413476e+001
2.370000000000002e-001	2.411979e+001
2.380000000000002e-001	2.410468e+001
2.390000000000002e-001	2.408942e+001
2.400000000000002e-001	2.407393e+001
2.410000000000002e-001	2.405834e+001
2.420000000000002e-001	2.404267e+001
2.430000000000002e-001	2.402682e+001
2.440000000000002e-001	2.401076e+001
2.450000000000002e-001	2.399458e+001
2.460000000000002e-001	2.397827e+001
2.470000000000002e-001	2.396183e+001
2.480000000000002e-001	2.394523e+001
2.490000000000002e-001	2.392846e+001
2.500000000000002e-001	2.391159e+001
2.510000000000002e-001	2.389454e+001
2.520000000000002e-001	2.387738e+001
2.530000000000002e-001	2.386009e+001
2.540000000000002e-001	2.384264e+001
2.550000000000002e-001	2.382503e+001
2.560000000000002e-001	2.380730e+001
2.570000000000002e-001	2.378946e+001
2.580000000000002e-001	2.377143e+001
2.590000000000002e-001	2.375330e+001
2.600000000000002e-001	2.373507e+001
2.610000000000002e-001	2.371664e+001
2.620000000000002e-001	2.369810e+001
2.630000000000002e-001	2.367943e+001
2.640000000000002e-001	2.366063e+001
2.650000000000002e-001	2.364172e+001
2.660000000000002e-001	2.362266e+001
2.670000000000002e-001	2.360348e+001
2.680000000000002e-001	2.358417e+001
2.690000000000002e-001	2.356475e+001
2.700000000000002e-001	2.354519e+001
2.710000000000002e-001	2.352550e+001
2.720000000000002e-001	2.350571e+001
2.730000000000002e-001	2.348575e+001
2.740000000000002e-001	2.346573e+001
2.750000000000002e-001	2.344555e+001
2.760000000000002e-001	2.342526e+001
2.770000000000002e-001	2.340486e+001
2.780000000000002e-001	2.338434e+001
2.790000000000002e-001	2.336373e+001
2.800000000000002e-001	2.334297e+001
2.810000000000002e-001	2.332210e+001
2.820000000000002e-001	2.330117e+001
2.830000000000002e-001	2.328008e+001
2.840000000000002e-001	2.325886e+001
2.850000000000002e-001	2.323760e+001
2.860000000000002e-001	2.321619e+001
2.870000000000002e-001	2.319469e+001
2.880000000000002e-001	2.317308e+001
2.890000000000002e-001	2.315134e+001
2.900000000000002e-001	2.312954e+001
2.910000000000002e-001	2.310766e+001
2.920000000000002e-001	2.308565e+001
2.930000000000002e-001	2.306353e+001
2.940000000000002e-001	2.304130e+001
2.950000000000002e-001	2.301904e+001
2.960000000000002e-001	2.299666e+001
2.970000000000002e-001	2.297414e+001
2.980000000000002e-001	2.295159e+001
2.990000000000002e-001	2.292894e+001
3.000000000000002e-001	2.290619e+001
3.010000000000002e-001	2.288335e+001
3.020000000000002e-001	2.286040e+001
3.030000000000002e-001	2.283741e+001
3.040000000000002e-001	2.281433e+001
3.050000000000002e-001	2.279119e+001
3.060000000000002e-001	2.276794e+001
3.070000000000002e-001	2.274459e+001
3.080000000000002e-001	2.272119e+001
3.090000000000002e-001	2.269773e+001
3.100000000000002e-001	2.267421e+001
3.110000000000002e-001	2.265054e+001
3.120000000000002e-001	2.262684e+001
3.130000000000002e-001	2.260313e+001
3.140000000000002e-001	2.257926e+001
3.150000000000002e-001	2.255536e+001
3.160000000000002e-001	2.253139e+001
3.170000000000002e-001	2.250734e+001
3.180000000000002e-001	2.248328e+001
3.190000000000002e-001	2.245912e+001
3.200000000000002e-001	2.243485e+001
3.210000000000002e-001	2.241057e+001
3.220000000000002e-001	2.238626e+001
3.230000000000002e-001	2.236181e+001
3.240000000000002e-001	2.233733e+001
3.250000000000002e-001	2.231283e+001
3.260000000000002e-001	2.228828e+001
3.270000000000002e-001	2.226362e+001
3.280000000000002e-001	2.223893e+001
3.290000000000002e-001	2.221417e+001
3.300000000000002e-001	2.218936e+001
3.310000000000002e-001	2.216453e+001
3.320000000000002e-001	2.213955e+001
3.330000000000002e-001	2.211464e+001
3.340000000000002e-001	2.208965e+001
3.350000000000002e-001	2.206451e+001
3.360000000000002e-001	2.203942e+001
3.370000000000002e-001	2.201428e+001
3.380000000000002e-001	2.198901e+001
3.390000000000003e-001	2.196371e+001
3.400000000000003e-001	2.193840e+001
3.410000000000003e-001	2.191306e+001
3.420000000000003e-001	2.188759e+001
3.430000000000003e-001	2.186209e+001
3.440000000000003e-001	2.183659e+001
3.450000000000003e-001	2.181096e+001
3.460000000000003e-001	2.178532e+001
3.470000000000003e-001	2.175963e+001
3.480000000000003e-001	2.173385e+001
3.490000000000003e-001	2.170805e+001
3.500000000000003e-001	2.168217e+001
3.510000000000003e-001	2.165623e+001
3.520000000000003e-001	2.163025e+001
3.530000000000003e-001	2.160421e+001
3.540000000000003e-001	2.157807e+001
3.550000000000003e-001	2.155188e+001
3.560000000000003e-001	2.152568e+001
3.570000000000003e-001	2.149935e+001
3.580000000000003e-001	2.147296e+001
3.590000000000003e-001	2.144651e+001
3.600000000000003e-001	2.142001e+001
3.610000000000003e-001	2.139339e+001
3.620000000000003e-001	2.136668e+001
3.630000000000003e-001	2.133995e+001
3.640000000000003e-001	2.131317e+001
3.650000000000003e-001	2.128622e+001
3.660000000000003e-001	2.125918e+001
3.670000000000003e-001	2.123214e+001
3.680000000000003e-001	2.120492e+001
3.690000000000003e-001	2.117760e+001
3.700000000000003e-001	2.115021e+001
3.710000000000003e-001	2.112272e+001
3.720000000000003e-001	2.109510e+001
3.730000000000003e-001	2.106738e+001
3.740000000000003e-001	2.103958e+001
3.750000000000003e-001	2.101166e+001
3.760000000000003e-001	2.098360e+001
3.770000000000003e-001	2.095542e+001
3.780000000000003e-001	2.092712e+001
3.790000000000003e-001	2.089869e+001
3.800000000000003e-001	2.087013e+001
3.810000000000003e-001	2.084141e+001
3.820000000000003e-001	2.081259e+001
3.830000000000003e-001	2.078359e+001
3.840000000000003e-001	2.075442e+001
3.850000000000003e-001	2.072517e+001
3.860000000000003e-001	2.069569e+001
3.870000000000003e-001	2.066607e+001
3.880000000000003e-001	2.063630e+001
3.890000000000003e-001	2.060633e+001
3.900000000000003e-001	2.057620e+001
3.910000000000003e-001	2.054590e+001
3.920000000000003e-001	2.051541e+001
3.930000000000003e-001	2.048465e+001
3.940000000000003e-001	2.045379e+001
3.950000000000003e-001	2.042274e+001
3.960000000000003e-001	2.039138e+001
3.970000000000003e-001	2.035985e+001
3.980000000000003e-001	2.032817e+001
3.990000000000003e-001	2.029621e+001
4.000000000000003e-001	2.026400e+001
4.010000000000003e-001	2.023163e+001
4.020000000000003e-001	2.019901e+001
4.030000000000003e-001	2.016608e+001
4.040000000000003e-001	2.013297e+001
4.050000000000003e-001	2.009960e+001
4.060000000000003e-001	2.006597e+001
4.070000000000003e-001	2.003208e+001
4.080000000000003e-001	1.999790e+001
4.090000000000003e-001	1.996347e+001
4.100000000000003e-001	1.992876e+001
4.110000000000003e-001	1.989377e+001
4.120000000000003e-001	1.985855e+001
4.130000000000003e-001	1.982300e+001
4.140000000000003e-001	1.978710e+001
4.150000000000003e-001	1.975096e+001
4.160000000000003e-001	1.971454e+001
4.170000000000003e-001	1.967778e+001
4.180000000000003e-001	1.964072e+001
4.190000000000003e-001	1.960335e+001
4.200000000000003e-001	1.956565e+001
4.210000000000003e-001	1.952764e+001
4.220000000000003e-001	1.948930e+001
4.230000000000003e-001	1.945064e+001
4.240000000000003e-001	1.941164e+001
4.250000000000003e-001	1.937231e+001
4.260000000000003e-001	1.933262e+001
4.270000000000003e-001	1.929260e+001
4.280000000000003e-001	1.925228e+001
4.290000000000003e-001	1.921157e+001
4.300000000000003e-001	1.917046e+001
4.310000000000003e-001	1.912903e+001
4.320000000000003e-001	1.908727e+001
4.330000000000003e-001	1.904521e+001
4.340000000000003e-001	1.900271e+001
4.350000000000003e-001	1.895982e+001
4.360000000000003e-001	1.891663e+001
4.370000000000003e-001	1.887307e+001
4.380000000000003e-001	1.882912e+001
4.390000000000003e-001	1.878484e+001
4.400000000000003e-001	1.874015e+001
4.410000000000003e-001	1.869511e+001
4.420000000000003e-001	1.864970e+001
4.430000000000003e-001	1.860391e+001
4.440000000000003e-001	1.855780e+001
4.450000000000003e-001	1.851126e+001
4.460000000000003e-001	1.846434e+001
4.470000000000003e-001	1.841709e+001
4.480000000000003e-001	1.836950e+001
4.490000000000003e-001	1.832149e+001
4.500000000000003e-001	1.827307e+001
4.510000000000004e-001	1.822437e+001
4.520000000000004e-001	1.817530e+001
4.530000000000004e-001	1.812577e+001
4.540000000000004e-001	1.807597e+001
4.550000000000004e-001	1.802580e+001
4.560000000000004e-001	1.797523e+001
4.570000000000004e-001	1.792434e+001
4.580000000000004e-001	1.787308e+001
4.590000000000004e-001	1.782146e+001
4.600000000000004e-001	1.776950e+001
4.610000000000004e-001	1.771718e+001
4.620000000000004e-001	1.766454e+001
4.630000000000004e-001	1.761157e+001
4.640000000000004e-001	1.755823e+001
4.650000000000004e-001	1.750454e+001
4.660000000000004e-001	1.745051e+001
4.670000000000004e-001	1.739622e+001
4.680000000000004e-001	1.734158e+001
4.690000000000004e-001	1.728661e+001
4.700000000000004e-001	1.723139e+001
4.710000000000004e-001	1.717577e+001
4.720000000000004e-001	1.711983e+001
4.730000000000004e-001	1.706365e+001
4.740000000000004e-001	1.700720e+001
4.750000000000004e-001	1.695040e+001
4.760000000000004e-001	1.689333e+001
4.770000000000004e-001	1.683601e+001
4.780000000000004e-001	1.677832e+001
4.790000000000004e-001	1.672044e+001
4.800000000000004e-001	1.666229e+001
4.810000000000004e-001	1.660386e+001
4.820000000000004e-001	1.654521e+001
4.830000000000004e-001	1.648634e+001
4.840000000000004e-001	1.642717e+001
4.850000000000004e-001	1.636770e+001
4.860000000000004e-001	1.630808e+001
4.870000000000004e-001	1.624830e+001
4.880000000000004e-001	1.618821e+001
4.890000000000004e-001	1.612790e+001
4.900000000000004e-001	1.606742e+001
4.910000000000004e-001	1.600678e+001
4.920000000000004e-001	1.594591e+001
4.930000000000004e-001	1.588481e+001
4.940000000000004e-001	1.582359e+001
4.950000000000004e-001	1.576220e+001
4.960000000000004e-001	1.570062e+001
4.970000000000004e-001	1.563890e+001
4.980000000000004e-001	1.557699e+001
4.990000000000004e-001	1.551496e+001
5.000000000000000e-001	1.536453e+001
Step Information: L=48n  (Run: 3/5)
0.000000000000000e+000	2.882023e+000
1.000000000000000e-003	2.960033e+000
2.000000000000000e-003	3.125113e+000
3.000000000000000e-003	3.292777e+000
4.000000000000000e-003	3.463003e+000
5.000000000000000e-003	3.635710e+000
6.000000000000000e-003	3.810971e+000
7.000000000000000e-003	3.988640e+000
8.000000000000000e-003	4.168777e+000
9.000000000000001e-003	4.351331e+000
1.000000000000000e-002	4.536191e+000
1.100000000000000e-002	4.723398e+000
1.200000000000000e-002	4.912882e+000
1.300000000000001e-002	5.104616e+000
1.400000000000001e-002	5.298519e+000
1.500000000000001e-002	5.494501e+000
1.600000000000001e-002	5.692617e+000
1.700000000000001e-002	5.892716e+000
1.800000000000001e-002	6.094739e+000
1.900000000000001e-002	6.298719e+000
2.000000000000001e-002	6.504437e+000
2.100000000000001e-002	6.711863e+000
2.200000000000001e-002	6.921011e+000
2.300000000000001e-002	7.131737e+000
2.400000000000001e-002	7.343946e+000
2.500000000000002e-002	7.557579e+000
2.600000000000002e-002	7.772572e+000
2.700000000000002e-002	7.988853e+000
2.800000000000002e-002	8.206251e+000
2.900000000000002e-002	8.424686e+000
3.000000000000002e-002	8.644156e+000
3.100000000000002e-002	8.864518e+000
3.200000000000002e-002	9.085582e+000
3.300000000000002e-002	9.307372e+000
3.400000000000002e-002	9.529816e+000
3.500000000000002e-002	9.752706e+000
3.600000000000003e-002	9.975917e+000
3.700000000000003e-002	1.019949e+001
3.800000000000003e-002	1.042324e+001
3.900000000000003e-002	1.064703e+001
4.000000000000003e-002	1.087084e+001
4.100000000000003e-002	1.109451e+001
4.200000000000003e-002	1.131797e+001
4.300000000000003e-002	1.154106e+001
4.400000000000003e-002	1.176370e+001
4.500000000000003e-002	1.198586e+001
4.600000000000003e-002	1.220738e+001
4.700000000000004e-002	1.242812e+001
4.800000000000004e-002	1.264806e+001
4.900000000000004e-002	1.286707e+001
5.000000000000004e-002	1.308505e+001
5.100000000000004e-002	1.330192e+001
5.200000000000004e-002	1.351760e+001
5.300000000000004e-002	1.373198e+001
5.400000000000004e-002	1.394496e+001
5.500000000000004e-002	1.415649e+001
5.600000000000004e-002	1.436648e+001
5.700000000000004e-002	1.457478e+001
5.800000000000005e-002	1.478144e+001
5.900000000000005e-002	1.498633e+001
6.000000000000005e-002	1.518930e+001
6.100000000000005e-002	1.539040e+001
6.200000000000005e-002	1.558951e+001
6.300000000000004e-002	1.578660e+001
6.400000000000004e-002	1.598153e+001
6.500000000000004e-002	1.617431e+001
6.600000000000005e-002	1.636492e+001
6.700000000000005e-002	1.655321e+001
6.800000000000005e-002	1.673921e+001
6.900000000000005e-002	1.692290e+001
7.000000000000005e-002	1.710417e+001
7.100000000000005e-002	1.728291e+001
7.200000000000005e-002	1.745926e+001
7.300000000000005e-002	1.763315e+001
7.400000000000005e-002	1.780446e+001
7.500000000000005e-002	1.797321e+001
7.600000000000005e-002	1.813941e+001
7.700000000000006e-002	1.830303e+001
7.800000000000006e-002	1.846398e+001
7.900000000000006e-002	1.862236e+001
8.000000000000006e-002	1.877812e+001
8.100000000000006e-002	1.893115e+001
8.200000000000006e-002	1.908158e+001
8.300000000000006e-002	1.922939e+001
8.400000000000006e-002	1.937456e+001
8.500000000000006e-002	1.951700e+001
8.600000000000006e-002	1.965682e+001
8.700000000000006e-002	1.979405e+001
8.800000000000006e-002	1.992858e+001
8.900000000000007e-002	2.006053e+001
9.000000000000007e-002	2.018987e+001
9.100000000000007e-002	2.031657e+001
9.200000000000007e-002	2.044074e+001
9.300000000000007e-002	2.056232e+001
9.400000000000007e-002	2.068134e+001
9.500000000000007e-002	2.079786e+001
9.600000000000007e-002	2.091190e+001
9.700000000000007e-002	2.102342e+001
9.800000000000007e-002	2.113251e+001
9.900000000000007e-002	2.123915e+001
1.000000000000001e-001	2.134341e+001
1.010000000000001e-001	2.144525e+001
1.020000000000001e-001	2.154476e+001
1.030000000000001e-001	2.164198e+001
1.040000000000001e-001	2.173683e+001
1.050000000000001e-001	2.182949e+001
1.060000000000001e-001	2.191996e+001
1.070000000000001e-001	2.200818e+001
1.080000000000001e-001	2.209425e+001
1.090000000000001e-001	2.217815e+001
1.100000000000001e-001	2.225997e+001
1.110000000000001e-001	2.233977e+001
1.120000000000001e-001	2.241746e+001
1.130000000000001e-001	2.249320e+001
1.140000000000001e-001	2.256696e+001
1.150000000000001e-001	2.263879e+001
1.160000000000001e-001	2.270871e+001
1.170000000000001e-001	2.277674e+001
1.180000000000001e-001	2.284300e+001
1.190000000000001e-001	2.290746e+001
1.200000000000001e-001	2.297014e+001
1.210000000000001e-001	2.303107e+001
1.220000000000001e-001	2.309026e+001
1.230000000000001e-001	2.314784e+001
1.240000000000001e-001	2.320379e+001
1.250000000000001e-001	2.325815e+001
1.260000000000001e-001	2.331092e+001
1.270000000000001e-001	2.336215e+001
1.280000000000001e-001	2.341191e+001
1.290000000000001e-001	2.346015e+001
1.300000000000001e-001	2.350695e+001
1.310000000000001e-001	2.355235e+001
1.320000000000001e-001	2.359635e+001
1.330000000000001e-001	2.363900e+001
1.340000000000001e-001	2.368039e+001
1.350000000000001e-001	2.372046e+001
1.360000000000001e-001	2.375922e+001
1.370000000000001e-001	2.379675e+001
1.380000000000001e-001	2.383303e+001
1.390000000000001e-001	2.386819e+001
1.400000000000001e-001	2.390223e+001
1.410000000000001e-001	2.393506e+001
1.420000000000001e-001	2.396678e+001
1.430000000000001e-001	2.399745e+001
1.440000000000001e-001	2.402707e+001
1.450000000000001e-001	2.405560e+001
1.460000000000001e-001	2.408317e+001
1.470000000000001e-001	2.410975e+001
1.480000000000001e-001	2.413536e+001
1.490000000000001e-001	2.416003e+001
1.500000000000001e-001	2.418377e+001
1.510000000000001e-001	2.420665e+001
1.520000000000001e-001	2.422861e+001
1.530000000000001e-001	2.424970e+001
1.540000000000001e-001	2.426997e+001
1.550000000000001e-001	2.428940e+001
1.560000000000001e-001	2.430806e+001
1.570000000000001e-001	2.432596e+001
1.580000000000001e-001	2.434308e+001
1.590000000000001e-001	2.435941e+001
1.600000000000001e-001	2.437503e+001
1.610000000000001e-001	2.439000e+001
1.620000000000001e-001	2.440420e+001
1.630000000000001e-001	2.441776e+001
1.640000000000001e-001	2.443067e+001
1.650000000000001e-001	2.444286e+001
1.660000000000001e-001	2.445447e+001
1.670000000000001e-001	2.446548e+001
1.680000000000001e-001	2.447584e+001
1.690000000000001e-001	2.448566e+001
1.700000000000001e-001	2.449484e+001
1.710000000000001e-001	2.450348e+001
1.720000000000001e-001	2.451159e+001
1.730000000000001e-001	2.451911e+001
1.740000000000001e-001	2.452614e+001
1.750000000000001e-001	2.453268e+001
1.760000000000001e-001	2.453868e+001
1.770000000000001e-001	2.454418e+001
1.780000000000001e-001	2.454923e+001
1.790000000000001e-001	2.455377e+001
1.800000000000001e-001	2.455787e+001
1.810000000000001e-001	2.456150e+001
1.820000000000001e-001	2.456469e+001
1.830000000000001e-001	2.456748e+001
1.840000000000001e-001	2.456981e+001
1.850000000000001e-001	2.457171e+001
1.860000000000001e-001	2.457323e+001
1.870000000000001e-001	2.457436e+001
1.880000000000001e-001	2.457508e+001
1.890000000000001e-001	2.457547e+001
1.900000000000001e-001	2.457539e+001
1.910000000000001e-001	2.457499e+001
1.920000000000001e-001	2.457426e+001
1.930000000000001e-001	2.457315e+001
1.940000000000001e-001	2.457165e+001
1.950000000000002e-001	2.456982e+001
1.960000000000002e-001	2.456776e+001
1.970000000000002e-001	2.456531e+001
1.980000000000002e-001	2.456249e+001
1.990000000000002e-001	2.455934e+001
2.000000000000002e-001	2.455593e+001
2.010000000000002e-001	2.455227e+001
2.020000000000002e-001	2.454826e+001
2.030000000000002e-001	2.454390e+001
2.040000000000002e-001	2.453932e+001
2.050000000000002e-001	2.453444e+001
2.060000000000002e-001	2.452926e+001
2.070000000000002e-001	2.452382e+001
2.080000000000002e-001	2.451810e+001
2.090000000000002e-001	2.451212e+001
2.100000000000002e-001	2.450586e+001
2.110000000000002e-001	2.449938e+001
2.120000000000002e-001	2.449262e+001
2.130000000000002e-001	2.448559e+001
2.140000000000002e-001	2.447835e+001
2.150000000000002e-001	2.447088e+001
2.160000000000002e-001	2.446310e+001
2.170000000000002e-001	2.445511e+001
2.180000000000002e-001	2.444694e+001
2.190000000000002e-001	2.443852e+001
2.200000000000002e-001	2.442981e+001
2.210000000000002e-001	2.442090e+001
2.220000000000002e-001	2.441184e+001
2.230000000000002e-001	2.440246e+001
2.240000000000002e-001	2.439290e+001
2.250000000000002e-001	2.438317e+001
2.260000000000002e-001	2.437316e+001
2.270000000000002e-001	2.436301e+001
2.280000000000002e-001	2.435263e+001
2.290000000000002e-001	2.434198e+001
2.300000000000002e-001	2.433119e+001
2.310000000000002e-001	2.432023e+001
2.320000000000002e-001	2.430902e+001
2.330000000000002e-001	2.429763e+001
2.340000000000002e-001	2.428606e+001
2.350000000000002e-001	2.427428e+001
2.360000000000002e-001	2.426232e+001
2.370000000000002e-001	2.425019e+001
2.380000000000002e-001	2.423786e+001
2.390000000000002e-001	2.422532e+001
2.400000000000002e-001	2.421264e+001
2.410000000000002e-001	2.419976e+001
2.420000000000002e-001	2.418669e+001
2.430000000000002e-001	2.417345e+001
2.440000000000002e-001	2.416005e+001
2.450000000000002e-001	2.414648e+001
2.460000000000002e-001	2.413274e+001
2.470000000000002e-001	2.411880e+001
2.480000000000002e-001	2.410473e+001
2.490000000000002e-001	2.409050e+001
2.500000000000002e-001	2.407605e+001
2.510000000000002e-001	2.406142e+001
2.520000000000002e-001	2.404667e+001
2.530000000000002e-001	2.403181e+001
2.540000000000002e-001	2.401674e+001
2.550000000000002e-001	2.400151e+001
2.560000000000002e-001	2.398611e+001
2.570000000000002e-001	2.397055e+001
2.580000000000002e-001	2.395487e+001
2.590000000000002e-001	2.393904e+001
2.600000000000002e-001	2.392304e+001
2.610000000000002e-001	2.390688e+001
2.620000000000002e-001	2.389061e+001
2.630000000000002e-001	2.387417e+001
2.640000000000002e-001	2.385756e+001
2.650000000000002e-001	2.384081e+001
2.660000000000002e-001	2.382393e+001
2.670000000000002e-001	2.380693e+001
2.680000000000002e-001	2.378979e+001
2.690000000000002e-001	2.377247e+001
2.700000000000002e-001	2.375503e+001
2.710000000000002e-001	2.373746e+001
2.720000000000002e-001	2.371972e+001
2.730000000000002e-001	2.370192e+001
2.740000000000002e-001	2.368394e+001
2.750000000000002e-001	2.366580e+001
2.760000000000002e-001	2.364756e+001
2.770000000000002e-001	2.362922e+001
2.780000000000002e-001	2.361077e+001
2.790000000000002e-001	2.359209e+001
2.800000000000002e-001	2.357336e+001
2.810000000000002e-001	2.355454e+001
2.820000000000002e-001	2.353551e+001
2.830000000000002e-001	2.351639e+001
2.840000000000002e-001	2.349718e+001
2.850000000000002e-001	2.347783e+001
2.860000000000002e-001	2.345839e+001
2.870000000000002e-001	2.343882e+001
2.880000000000002e-001	2.341915e+001
2.890000000000002e-001	2.339936e+001
2.900000000000002e-001	2.337944e+001
2.910000000000002e-001	2.335942e+001
2.920000000000002e-001	2.333930e+001
2.930000000000002e-001	2.331911e+001
2.940000000000002e-001	2.329876e+001
2.950000000000002e-001	2.327832e+001
2.960000000000002e-001	2.325780e+001
2.970000000000002e-001	2.323720e+001
2.980000000000002e-001	2.321645e+001
2.990000000000002e-001	2.319564e+001
3.000000000000002e-001	2.317475e+001
3.010000000000002e-001	2.315372e+001
3.020000000000002e-001	2.313261e+001
3.030000000000002e-001	2.311145e+001
3.040000000000002e-001	2.309020e+001
3.050000000000002e-001	2.306884e+001
3.060000000000002e-001	2.304738e+001
3.070000000000002e-001	2.302585e+001
3.080000000000002e-001	2.300426e+001
3.090000000000002e-001	2.298257e+001
3.100000000000002e-001	2.296078e+001
3.110000000000002e-001	2.293895e+001
3.120000000000002e-001	2.291707e+001
3.130000000000002e-001	2.289509e+001
3.140000000000002e-001	2.287306e+001
3.150000000000002e-001	2.285090e+001
3.160000000000002e-001	2.282871e+001
3.170000000000002e-001	2.280650e+001
3.180000000000002e-001	2.278413e+001
3.190000000000002e-001	2.276174e+001
3.200000000000002e-001	2.273934e+001
3.210000000000002e-001	2.271682e+001
3.220000000000002e-001	2.269424e+001
3.230000000000002e-001	2.267164e+001
3.240000000000002e-001	2.264897e+001
3.250000000000002e-001	2.262623e+001
3.260000000000002e-001	2.260346e+001
3.270000000000002e-001	2.258064e+001
3.280000000000002e-001	2.255776e+001
3.290000000000002e-001	2.253481e+001
3.300000000000002e-001	2.251184e+001
3.310000000000002e-001	2.248882e+001
3.320000000000002e-001	2.246573e+001
3.330000000000002e-001	2.244262e+001
3.340000000000002e-001	2.241949e+001
3.350000000000002e-001	2.239634e+001
3.360000000000002e-001	2.237306e+001
3.370000000000002e-001	2.234982e+001
3.380000000000002e-001	2.232655e+001
3.390000000000003e-001	2.230313e+001
3.400000000000003e-001	2.227976e+001
3.410000000000003e-001	2.225636e+001
3.420000000000003e-001	2.223288e+001
3.430000000000003e-001	2.220937e+001
3.440000000000003e-001	2.218587e+001
3.450000000000003e-001	2.216234e+001
3.460000000000003e-001	2.213876e+001
3.470000000000003e-001	2.211514e+001
3.480000000000003e-001	2.209148e+001
3.490000000000003e-001	2.206780e+001
3.500000000000003e-001	2.204410e+001
3.510000000000003e-001	2.202034e+001
3.520000000000003e-001	2.199656e+001
3.530000000000003e-001	2.197279e+001
3.540000000000003e-001	2.194892e+001
3.550000000000003e-001	2.192504e+001
3.560000000000003e-001	2.190115e+001
3.570000000000003e-001	2.187719e+001
3.580000000000003e-001	2.185326e+001
3.590000000000003e-001	2.182924e+001
3.600000000000003e-001	2.180520e+001
3.610000000000003e-001	2.178113e+001
3.620000000000003e-001	2.175700e+001
3.630000000000003e-001	2.173285e+001
3.640000000000003e-001	2.170866e+001
3.650000000000003e-001	2.168445e+001
3.660000000000003e-001	2.166017e+001
3.670000000000003e-001	2.163584e+001
3.680000000000003e-001	2.161144e+001
3.690000000000003e-001	2.158703e+001
3.700000000000003e-001	2.156258e+001
3.710000000000003e-001	2.153806e+001
3.720000000000003e-001	2.151348e+001
3.730000000000003e-001	2.148880e+001
3.740000000000003e-001	2.146414e+001
3.750000000000003e-001	2.143944e+001
3.760000000000003e-001	2.141462e+001
3.770000000000003e-001	2.138969e+001
3.780000000000003e-001	2.136473e+001
3.790000000000003e-001	2.133976e+001
3.800000000000003e-001	2.131467e+001
3.810000000000003e-001	2.128952e+001
3.820000000000003e-001	2.126428e+001
3.830000000000003e-001	2.123893e+001
3.840000000000003e-001	2.121349e+001
3.850000000000003e-001	2.118800e+001
3.860000000000003e-001	2.116244e+001
3.870000000000003e-001	2.113672e+001
3.880000000000003e-001	2.111088e+001
3.890000000000003e-001	2.108502e+001
3.900000000000003e-001	2.105900e+001
3.910000000000003e-001	2.103286e+001
3.920000000000003e-001	2.100664e+001
3.930000000000003e-001	2.098026e+001
3.940000000000003e-001	2.095374e+001
3.950000000000003e-001	2.092713e+001
3.960000000000003e-001	2.090037e+001
3.970000000000003e-001	2.087349e+001
3.980000000000003e-001	2.084642e+001
3.990000000000003e-001	2.081922e+001
4.000000000000003e-001	2.079189e+001
4.010000000000003e-001	2.076433e+001
4.020000000000003e-001	2.073666e+001
4.030000000000003e-001	2.070882e+001
4.040000000000003e-001	2.068079e+001
4.050000000000003e-001	2.065260e+001
4.060000000000003e-001	2.062422e+001
4.070000000000003e-001	2.059561e+001
4.080000000000003e-001	2.056681e+001
4.090000000000003e-001	2.053784e+001
4.100000000000003e-001	2.050870e+001
4.110000000000003e-001	2.047929e+001
4.120000000000003e-001	2.044967e+001
4.130000000000003e-001	2.041984e+001
4.140000000000003e-001	2.038977e+001
4.150000000000003e-001	2.035949e+001
4.160000000000003e-001	2.032893e+001
4.170000000000003e-001	2.029814e+001
4.180000000000003e-001	2.026712e+001
4.190000000000003e-001	2.023586e+001
4.200000000000003e-001	2.020431e+001
4.210000000000003e-001	2.017249e+001
4.220000000000003e-001	2.014043e+001
4.230000000000003e-001	2.010804e+001
4.240000000000003e-001	2.007541e+001
4.250000000000003e-001	2.004251e+001
4.260000000000003e-001	2.000933e+001
4.270000000000003e-001	1.997583e+001
4.280000000000003e-001	1.994201e+001
4.290000000000003e-001	1.990790e+001
4.300000000000003e-001	1.987350e+001
4.310000000000003e-001	1.983879e+001
4.320000000000003e-001	1.980374e+001
4.330000000000003e-001	1.976835e+001
4.340000000000003e-001	1.973266e+001
4.350000000000003e-001	1.969671e+001
4.360000000000003e-001	1.966034e+001
4.370000000000003e-001	1.962363e+001
4.380000000000003e-001	1.958663e+001
4.390000000000003e-001	1.954926e+001
4.400000000000003e-001	1.951152e+001
4.410000000000003e-001	1.947345e+001
4.420000000000003e-001	1.943504e+001
4.430000000000003e-001	1.939622e+001
4.440000000000003e-001	1.935711e+001
4.450000000000003e-001	1.931766e+001
4.460000000000003e-001	1.927777e+001
4.470000000000003e-001	1.923749e+001
4.480000000000003e-001	1.919694e+001
4.490000000000003e-001	1.915596e+001
4.500000000000003e-001	1.911462e+001
4.510000000000004e-001	1.907294e+001
4.520000000000004e-001	1.903081e+001
4.530000000000004e-001	1.898835e+001
4.540000000000004e-001	1.894549e+001
4.550000000000004e-001	1.890227e+001
4.560000000000004e-001	1.885871e+001
4.570000000000004e-001	1.881471e+001
4.580000000000004e-001	1.877032e+001
4.590000000000004e-001	1.872560e+001
4.600000000000004e-001	1.868050e+001
4.610000000000004e-001	1.863501e+001
4.620000000000004e-001	1.858910e+001
4.630000000000004e-001	1.854284e+001
4.640000000000004e-001	1.849625e+001
4.650000000000004e-001	1.844923e+001
4.660000000000004e-001	1.840183e+001
4.670000000000004e-001	1.835407e+001
4.680000000000004e-001	1.830589e+001
4.690000000000004e-001	1.825740e+001
4.700000000000004e-001	1.820856e+001
4.710000000000004e-001	1.815936e+001
4.720000000000004e-001	1.810973e+001
4.730000000000004e-001	1.805976e+001
4.740000000000004e-001	1.800945e+001
4.750000000000004e-001	1.795875e+001
4.760000000000004e-001	1.790773e+001
4.770000000000004e-001	1.785635e+001
4.780000000000004e-001	1.780458e+001
4.790000000000004e-001	1.775252e+001
4.800000000000004e-001	1.770014e+001
4.810000000000004e-001	1.764737e+001
4.820000000000004e-001	1.759431e+001
4.830000000000004e-001	1.754088e+001
4.840000000000004e-001	1.748712e+001
4.850000000000004e-001	1.743307e+001
4.860000000000004e-001	1.737876e+001
4.870000000000004e-001	1.732407e+001
4.880000000000004e-001	1.726903e+001
4.890000000000004e-001	1.721375e+001
4.900000000000004e-001	1.715821e+001
4.910000000000004e-001	1.710233e+001
4.920000000000004e-001	1.704615e+001
4.930000000000004e-001	1.698973e+001
4.940000000000004e-001	1.693306e+001
4.950000000000004e-001	1.687607e+001
4.960000000000004e-001	1.681877e+001
4.970000000000004e-001	1.676128e+001
4.980000000000004e-001	1.670356e+001
4.990000000000004e-001	1.664555e+001
5.000000000000000e-001	1.647893e+001
Step Information: L=64n  (Run: 4/5)
0.000000000000000e+000	7.403270e-001
1.000000000000000e-003	8.031110e-001
2.000000000000000e-003	9.303615e-001
3.000000000000000e-003	1.060152e+000
4.000000000000000e-003	1.192596e+000
5.000000000000000e-003	1.327568e+000
6.000000000000000e-003	1.465175e+000
7.000000000000000e-003	1.605400e+000
8.000000000000000e-003	1.748224e+000
9.000000000000001e-003	1.893739e+000
1.000000000000000e-002	2.041859e+000
1.100000000000000e-002	2.192608e+000
1.200000000000000e-002	2.345950e+000
1.300000000000001e-002	2.501958e+000
1.400000000000001e-002	2.660582e+000
1.500000000000001e-002	2.821773e+000
1.600000000000001e-002	2.985587e+000
1.700000000000001e-002	3.152016e+000
1.800000000000001e-002	3.320994e+000
1.900000000000001e-002	3.492503e+000
2.000000000000001e-002	3.666521e+000
2.100000000000001e-002	3.843019e+000
2.200000000000001e-002	4.022018e+000
2.300000000000001e-002	4.203422e+000
2.400000000000001e-002	4.387186e+000
2.500000000000002e-002	4.573364e+000
2.600000000000002e-002	4.761844e+000
2.700000000000002e-002	4.952506e+000
2.800000000000002e-002	5.145442e+000
2.900000000000002e-002	5.340625e+000
3.000000000000002e-002	5.537809e+000
3.100000000000002e-002	5.737014e+000
3.200000000000002e-002	5.938246e+000
3.300000000000002e-002	6.141403e+000
3.400000000000002e-002	6.346476e+000
3.500000000000002e-002	6.553246e+000
3.600000000000003e-002	6.761747e+000
3.700000000000003e-002	6.971898e+000
3.800000000000003e-002	7.183616e+000
3.900000000000003e-002	7.396759e+000
4.000000000000003e-002	7.611282e+000
4.100000000000003e-002	7.827227e+000
4.200000000000003e-002	8.044286e+000
4.300000000000003e-002	8.262444e+000
4.400000000000003e-002	8.481673e+000
4.500000000000003e-002	8.701846e+000
4.600000000000003e-002	8.922874e+000
4.700000000000004e-002	9.144618e+000
4.800000000000004e-002	9.366980e+000
4.900000000000004e-002	9.589902e+000
5.000000000000004e-002	9.813318e+000
5.100000000000004e-002	1.003702e+001
5.200000000000004e-002	1.026094e+001
5.300000000000004e-002	1.048507e+001
5.400000000000004e-002	1.070915e+001
5.500000000000004e-002	1.093319e+001
5.600000000000004e-002	1.115708e+001
5.700000000000004e-002	1.138062e+001
5.800000000000005e-002	1.160381e+001
5.900000000000005e-002	1.182652e+001
6.000000000000005e-002	1.204868e+001
6.100000000000005e-002	1.227013e+001
6.200000000000005e-002	1.249074e+001
6.300000000000004e-002	1.271050e+001
6.400000000000004e-002	1.292932e+001
6.500000000000004e-002	1.314706e+001
6.600000000000005e-002	1.336357e+001
6.700000000000005e-002	1.357888e+001
6.800000000000005e-002	1.379286e+001
6.900000000000005e-002	1.400533e+001
7.000000000000005e-002	1.421631e+001
7.100000000000005e-002	1.442577e+001
7.200000000000005e-002	1.463351e+001
7.300000000000005e-002	1.483946e+001
7.400000000000005e-002	1.504361e+001
7.500000000000005e-002	1.524588e+001
7.600000000000005e-002	1.544619e+001
7.700000000000006e-002	1.564445e+001
7.800000000000006e-002	1.584066e+001
7.900000000000006e-002	1.603470e+001
8.000000000000006e-002	1.622653e+001
8.100000000000006e-002	1.641612e+001
8.200000000000006e-002	1.660339e+001
8.300000000000006e-002	1.678833e+001
8.400000000000006e-002	1.697094e+001
8.500000000000006e-002	1.715103e+001
8.600000000000006e-002	1.732868e+001
8.700000000000006e-002	1.750388e+001
8.800000000000006e-002	1.767649e+001
8.900000000000007e-002	1.784655e+001
9.000000000000007e-002	1.801406e+001
9.100000000000007e-002	1.817901e+001
9.200000000000007e-002	1.834127e+001
9.300000000000007e-002	1.850089e+001
9.400000000000007e-002	1.865794e+001
9.500000000000007e-002	1.881233e+001
9.600000000000007e-002	1.896403e+001
9.700000000000007e-002	1.911301e+001
9.800000000000007e-002	1.925937e+001
9.900000000000007e-002	1.940310e+001
1.000000000000001e-001	1.954414e+001
1.010000000000001e-001	1.968253e+001
1.020000000000001e-001	1.981825e+001
1.030000000000001e-001	1.995133e+001
1.040000000000001e-001	2.008176e+001
1.050000000000001e-001	2.020961e+001
1.060000000000001e-001	2.033483e+001
1.070000000000001e-001	2.045749e+001
1.080000000000001e-001	2.057757e+001
1.090000000000001e-001	2.069511e+001
1.100000000000001e-001	2.081011e+001
1.110000000000001e-001	2.092258e+001
1.120000000000001e-001	2.103263e+001
1.130000000000001e-001	2.114021e+001
1.140000000000001e-001	2.124530e+001
1.150000000000001e-001	2.134804e+001
1.160000000000001e-001	2.144841e+001
1.170000000000001e-001	2.154636e+001
1.180000000000001e-001	2.164207e+001
1.190000000000001e-001	2.173551e+001
1.200000000000001e-001	2.182664e+001
1.210000000000001e-001	2.191552e+001
1.220000000000001e-001	2.200230e+001
1.230000000000001e-001	2.208685e+001
1.240000000000001e-001	2.216927e+001
1.250000000000001e-001	2.224964e+001
1.260000000000001e-001	2.232786e+001
1.270000000000001e-001	2.240412e+001
1.280000000000001e-001	2.247844e+001
1.290000000000001e-001	2.255070e+001
1.300000000000001e-001	2.262105e+001
1.310000000000001e-001	2.268955e+001
1.320000000000001e-001	2.275618e+001
1.330000000000001e-001	2.282099e+001
1.340000000000001e-001	2.288396e+001
1.350000000000001e-001	2.294518e+001
1.360000000000001e-001	2.300471e+001
1.370000000000001e-001	2.306254e+001
1.380000000000001e-001	2.311871e+001
1.390000000000001e-001	2.317328e+001
1.400000000000001e-001	2.322619e+001
1.410000000000001e-001	2.327756e+001
1.420000000000001e-001	2.332745e+001
1.430000000000001e-001	2.337579e+001
1.440000000000001e-001	2.342267e+001
1.450000000000001e-001	2.346812e+001
1.460000000000001e-001	2.351215e+001
1.470000000000001e-001	2.355481e+001
1.480000000000001e-001	2.359616e+001
1.490000000000001e-001	2.363613e+001
1.500000000000001e-001	2.367485e+001
1.510000000000001e-001	2.371233e+001
1.520000000000001e-001	2.374851e+001
1.530000000000001e-001	2.378350e+001
1.540000000000001e-001	2.381730e+001
1.550000000000001e-001	2.384995e+001
1.560000000000001e-001	2.388152e+001
1.570000000000001e-001	2.391200e+001
1.580000000000001e-001	2.394134e+001
1.590000000000001e-001	2.396960e+001
1.600000000000001e-001	2.399693e+001
1.610000000000001e-001	2.402321e+001
1.620000000000001e-001	2.404843e+001
1.630000000000001e-001	2.407274e+001
1.640000000000001e-001	2.409616e+001
1.650000000000001e-001	2.411863e+001
1.660000000000001e-001	2.414019e+001
1.670000000000001e-001	2.416087e+001
1.680000000000001e-001	2.418070e+001
1.690000000000001e-001	2.419970e+001
1.700000000000001e-001	2.421789e+001
1.710000000000001e-001	2.423525e+001
1.720000000000001e-001	2.425188e+001
1.730000000000001e-001	2.426771e+001
1.740000000000001e-001	2.428277e+001
1.750000000000001e-001	2.429716e+001
1.760000000000001e-001	2.431084e+001
1.770000000000001e-001	2.432380e+001
1.780000000000001e-001	2.433607e+001
1.790000000000001e-001	2.434765e+001
1.800000000000001e-001	2.435861e+001
1.810000000000001e-001	2.436901e+001
1.820000000000001e-001	2.437869e+001
1.830000000000001e-001	2.438776e+001
1.840000000000001e-001	2.439630e+001
1.850000000000001e-001	2.440429e+001
1.860000000000001e-001	2.441166e+001
1.870000000000001e-001	2.441841e+001
1.880000000000001e-001	2.442470e+001
1.890000000000001e-001	2.443048e+001
1.900000000000001e-001	2.443573e+001
1.910000000000001e-001	2.444045e+001
1.920000000000001e-001	2.444465e+001
1.930000000000001e-001	2.444838e+001
1.940000000000001e-001	2.445165e+001
1.950000000000002e-001	2.445446e+001
1.960000000000002e-001	2.445683e+001
1.970000000000002e-001	2.445875e+001
1.980000000000002e-001	2.446019e+001
1.990000000000002e-001	2.446123e+001
2.000000000000002e-001	2.446184e+001
2.010000000000002e-001	2.446207e+001
2.020000000000002e-001	2.446190e+001
2.030000000000002e-001	2.446128e+001
2.040000000000002e-001	2.446032e+001
2.050000000000002e-001	2.445898e+001
2.060000000000002e-001	2.445727e+001
2.070000000000002e-001	2.445517e+001
2.080000000000002e-001	2.445273e+001
2.090000000000002e-001	2.445000e+001
2.100000000000002e-001	2.444682e+001
2.110000000000002e-001	2.444333e+001
2.120000000000002e-001	2.443957e+001
2.130000000000002e-001	2.443544e+001
2.140000000000002e-001	2.443098e+001
2.150000000000002e-001	2.442623e+001
2.160000000000002e-001	2.442117e+001
2.170000000000002e-001	2.441581e+001
2.180000000000002e-001	2.441016e+001
2.190000000000002e-001	2.440419e+001
2.200000000000002e-001	2.439794e+001
2.210000000000002e-001	2.439140e+001
2.220000000000002e-001	2.438456e+001
2.230000000000002e-001	2.437751e+001
2.240000000000002e-001	2.437020e+001
2.250000000000002e-001	2.436254e+001
2.260000000000002e-001	2.435466e+001
2.270000000000002e-001	2.434655e+001
2.280000000000002e-001	2.433815e+001
2.290000000000002e-001	2.432953e+001
2.300000000000002e-001	2.432065e+001
2.310000000000002e-001	2.431152e+001
2.320000000000002e-001	2.430214e+001
2.330000000000002e-001	2.429253e+001
2.340000000000002e-001	2.428271e+001
2.350000000000002e-001	2.427266e+001
2.360000000000002e-001	2.426235e+001
2.370000000000002e-001	2.425185e+001
2.380000000000002e-001	2.424118e+001
2.390000000000002e-001	2.423018e+001
2.400000000000002e-001	2.421899e+001
2.410000000000002e-001	2.420770e+001
2.420000000000002e-001	2.419610e+001
2.430000000000002e-001	2.418428e+001
2.440000000000002e-001	2.417229e+001
2.450000000000002e-001	2.416013e+001
2.460000000000002e-001	2.414771e+001
2.470000000000002e-001	2.413511e+001
2.480000000000002e-001	2.412236e+001
2.490000000000002e-001	2.410940e+001
2.500000000000002e-001	2.409624e+001
2.510000000000002e-001	2.408286e+001
2.520000000000002e-001	2.406935e+001
2.530000000000002e-001	2.405566e+001
2.540000000000002e-001	2.404172e+001
2.550000000000002e-001	2.402763e+001
2.560000000000002e-001	2.401341e+001
2.570000000000002e-001	2.399901e+001
2.580000000000002e-001	2.398439e+001
2.590000000000002e-001	2.396960e+001
2.600000000000002e-001	2.395468e+001
2.610000000000002e-001	2.393958e+001
2.620000000000002e-001	2.392430e+001
2.630000000000002e-001	2.390884e+001
2.640000000000002e-001	2.389326e+001
2.650000000000002e-001	2.387752e+001
2.660000000000002e-001	2.386160e+001
2.670000000000002e-001	2.384552e+001
2.680000000000002e-001	2.382929e+001
2.690000000000002e-001	2.381293e+001
2.700000000000002e-001	2.379645e+001
2.710000000000002e-001	2.377974e+001
2.720000000000002e-001	2.376290e+001
2.730000000000002e-001	2.374593e+001
2.740000000000002e-001	2.372882e+001
2.750000000000002e-001	2.371158e+001
2.760000000000002e-001	2.369416e+001
2.770000000000002e-001	2.367666e+001
2.780000000000002e-001	2.365896e+001
2.790000000000002e-001	2.364114e+001
2.800000000000002e-001	2.362325e+001
2.810000000000002e-001	2.360518e+001
2.820000000000002e-001	2.358694e+001
2.830000000000002e-001	2.356862e+001
2.840000000000002e-001	2.355017e+001
2.850000000000002e-001	2.353158e+001
2.860000000000002e-001	2.351290e+001
2.870000000000002e-001	2.349406e+001
2.880000000000002e-001	2.347511e+001
2.890000000000002e-001	2.345607e+001
2.900000000000002e-001	2.343688e+001
2.910000000000002e-001	2.341754e+001
2.920000000000002e-001	2.339818e+001
2.930000000000002e-001	2.337869e+001
2.940000000000002e-001	2.335900e+001
2.950000000000002e-001	2.333932e+001
2.960000000000002e-001	2.331947e+001
2.970000000000002e-001	2.329951e+001
2.980000000000002e-001	2.327948e+001
2.990000000000002e-001	2.325928e+001
3.000000000000002e-001	2.323908e+001
3.010000000000002e-001	2.321877e+001
3.020000000000002e-001	2.319828e+001
3.030000000000002e-001	2.317778e+001
3.040000000000002e-001	2.315718e+001
3.050000000000002e-001	2.313642e+001
3.060000000000002e-001	2.311563e+001
3.070000000000002e-001	2.309477e+001
3.080000000000002e-001	2.307381e+001
3.090000000000002e-001	2.305278e+001
3.100000000000002e-001	2.303163e+001
3.110000000000002e-001	2.301040e+001
3.120000000000002e-001	2.298915e+001
3.130000000000002e-001	2.296782e+001
3.140000000000002e-001	2.294635e+001
3.150000000000002e-001	2.292484e+001
3.160000000000002e-001	2.290328e+001
3.170000000000002e-001	2.288166e+001
3.180000000000002e-001	2.285996e+001
3.190000000000002e-001	2.283819e+001
3.200000000000002e-001	2.281634e+001
3.210000000000002e-001	2.279444e+001
3.220000000000002e-001	2.277252e+001
3.230000000000002e-001	2.275055e+001
3.240000000000002e-001	2.272847e+001
3.250000000000002e-001	2.270635e+001
3.260000000000002e-001	2.268416e+001
3.270000000000002e-001	2.266194e+001
3.280000000000002e-001	2.263970e+001
3.290000000000002e-001	2.261735e+001
3.300000000000002e-001	2.259502e+001
3.310000000000002e-001	2.257266e+001
3.320000000000002e-001	2.255019e+001
3.330000000000002e-001	2.252769e+001
3.340000000000002e-001	2.250514e+001
3.350000000000002e-001	2.248261e+001
3.360000000000002e-001	2.246001e+001
3.370000000000002e-001	2.243734e+001
3.380000000000002e-001	2.241470e+001
3.390000000000003e-001	2.239200e+001
3.400000000000003e-001	2.236926e+001
3.410000000000003e-001	2.234647e+001
3.420000000000003e-001	2.232367e+001
3.430000000000003e-001	2.230088e+001
3.440000000000003e-001	2.227799e+001
3.450000000000003e-001	2.225510e+001
3.460000000000003e-001	2.223222e+001
3.470000000000003e-001	2.220926e+001
3.480000000000003e-001	2.218629e+001
3.490000000000003e-001	2.216329e+001
3.500000000000003e-001	2.214026e+001
3.510000000000003e-001	2.211726e+001
3.520000000000003e-001	2.209422e+001
3.530000000000003e-001	2.207108e+001
3.540000000000003e-001	2.204795e+001
3.550000000000003e-001	2.202484e+001
3.560000000000003e-001	2.200169e+001
3.570000000000003e-001	2.197849e+001
3.580000000000003e-001	2.195530e+001
3.590000000000003e-001	2.193207e+001
3.600000000000003e-001	2.190883e+001
3.610000000000003e-001	2.188552e+001
3.620000000000003e-001	2.186220e+001
3.630000000000003e-001	2.183889e+001
3.640000000000003e-001	2.181548e+001
3.650000000000003e-001	2.179211e+001
3.660000000000003e-001	2.176868e+001
3.670000000000003e-001	2.174525e+001
3.680000000000003e-001	2.172172e+001
3.690000000000003e-001	2.169818e+001
3.700000000000003e-001	2.167463e+001
3.710000000000003e-001	2.165101e+001
3.720000000000003e-001	2.162739e+001
3.730000000000003e-001	2.160368e+001
3.740000000000003e-001	2.157992e+001
3.750000000000003e-001	2.155619e+001
3.760000000000003e-001	2.153237e+001
3.770000000000003e-001	2.150847e+001
3.780000000000003e-001	2.148455e+001
3.790000000000003e-001	2.146057e+001
3.800000000000003e-001	2.143653e+001
3.810000000000003e-001	2.141246e+001
3.820000000000003e-001	2.138830e+001
3.830000000000003e-001	2.136408e+001
3.840000000000003e-001	2.133979e+001
3.850000000000003e-001	2.131544e+001
3.860000000000003e-001	2.129102e+001
3.870000000000003e-001	2.126645e+001
3.880000000000003e-001	2.124186e+001
3.890000000000003e-001	2.121723e+001
3.900000000000003e-001	2.119242e+001
3.910000000000003e-001	2.116753e+001
3.920000000000003e-001	2.114258e+001
3.930000000000003e-001	2.111750e+001
3.940000000000003e-001	2.109237e+001
3.950000000000003e-001	2.106710e+001
3.960000000000003e-001	2.104164e+001
3.970000000000003e-001	2.101614e+001
3.980000000000003e-001	2.099053e+001
3.990000000000003e-001	2.096473e+001
4.000000000000003e-001	2.093882e+001
4.010000000000003e-001	2.091276e+001
4.020000000000003e-001	2.088657e+001
4.030000000000003e-001	2.086026e+001
4.040000000000003e-001	2.083380e+001
4.050000000000003e-001	2.080712e+001
4.060000000000003e-001	2.078032e+001
4.070000000000003e-001	2.075335e+001
4.080000000000003e-001	2.072617e+001
4.090000000000003e-001	2.069885e+001
4.100000000000003e-001	2.067133e+001
4.110000000000003e-001	2.064361e+001
4.120000000000003e-001	2.061574e+001
4.130000000000003e-001	2.058761e+001
4.140000000000003e-001	2.055931e+001
4.150000000000003e-001	2.053081e+001
4.160000000000003e-001	2.050204e+001
4.170000000000003e-001	2.047310e+001
4.180000000000003e-001	2.044392e+001
4.190000000000003e-001	2.041446e+001
4.200000000000003e-001	2.038484e+001
4.210000000000003e-001	2.035493e+001
4.220000000000003e-001	2.032476e+001
4.230000000000003e-001	2.029436e+001
4.240000000000003e-001	2.026366e+001
4.250000000000003e-001	2.023274e+001
4.260000000000003e-001	2.020152e+001
4.270000000000003e-001	2.017004e+001
4.280000000000003e-001	2.013833e+001
4.290000000000003e-001	2.010627e+001
4.300000000000003e-001	2.007390e+001
4.310000000000003e-001	2.004124e+001
4.320000000000003e-001	2.000832e+001
4.330000000000003e-001	1.997509e+001
4.340000000000003e-001	1.994152e+001
4.350000000000003e-001	1.990765e+001
4.360000000000003e-001	1.987347e+001
4.370000000000003e-001	1.983896e+001
4.380000000000003e-001	1.980412e+001
4.390000000000003e-001	1.976897e+001
4.400000000000003e-001	1.973347e+001
4.410000000000003e-001	1.969761e+001
4.420000000000003e-001	1.966142e+001
4.430000000000003e-001	1.962493e+001
4.440000000000003e-001	1.958803e+001
4.450000000000003e-001	1.955076e+001
4.460000000000003e-001	1.951320e+001
4.470000000000003e-001	1.947527e+001
4.480000000000003e-001	1.943692e+001
4.490000000000003e-001	1.939826e+001
4.500000000000003e-001	1.935922e+001
4.510000000000004e-001	1.931980e+001
4.520000000000004e-001	1.928004e+001
4.530000000000004e-001	1.923989e+001
4.540000000000004e-001	1.919934e+001
4.550000000000004e-001	1.915844e+001
4.560000000000004e-001	1.911716e+001
4.570000000000004e-001	1.907549e+001
4.580000000000004e-001	1.903341e+001
4.590000000000004e-001	1.899101e+001
4.600000000000004e-001	1.894821e+001
4.610000000000004e-001	1.890501e+001
4.620000000000004e-001	1.886145e+001
4.630000000000004e-001	1.881752e+001
4.640000000000004e-001	1.877320e+001
4.650000000000004e-001	1.872844e+001
4.660000000000004e-001	1.868337e+001
4.670000000000004e-001	1.863790e+001
4.680000000000004e-001	1.859198e+001
4.690000000000004e-001	1.854575e+001
4.700000000000004e-001	1.849919e+001
4.710000000000004e-001	1.845217e+001
4.720000000000004e-001	1.840479e+001
4.730000000000004e-001	1.835705e+001
4.740000000000004e-001	1.830890e+001
4.750000000000004e-001	1.826044e+001
4.760000000000004e-001	1.821159e+001
4.770000000000004e-001	1.816239e+001
4.780000000000004e-001	1.811281e+001
4.790000000000004e-001	1.806287e+001
4.800000000000004e-001	1.801257e+001
4.810000000000004e-001	1.796192e+001
4.820000000000004e-001	1.791093e+001
4.830000000000004e-001	1.785959e+001
4.840000000000004e-001	1.780789e+001
4.850000000000004e-001	1.775587e+001
4.860000000000004e-001	1.770352e+001
4.870000000000004e-001	1.765084e+001
4.880000000000004e-001	1.759780e+001
4.890000000000004e-001	1.754447e+001
4.900000000000004e-001	1.749078e+001
4.910000000000004e-001	1.743683e+001
4.920000000000004e-001	1.738257e+001
4.930000000000004e-001	1.732798e+001
4.940000000000004e-001	1.727310e+001
4.950000000000004e-001	1.721788e+001
4.960000000000004e-001	1.716246e+001
4.970000000000004e-001	1.710669e+001
4.980000000000004e-001	1.705065e+001
4.990000000000004e-001	1.699436e+001
5.000000000000000e-001	1.682267e+001
Step Information: L=80n  (Run: 5/5)
0.000000000000000e+000	-4.006936e-001
1.000000000000000e-003	-3.497983e-001
2.000000000000000e-003	-2.466971e-001
3.000000000000000e-003	-1.413011e-001
4.000000000000000e-003	-3.348979e-002
5.000000000000000e-003	7.673316e-002
6.000000000000000e-003	1.893919e-001
7.000000000000000e-003	3.044773e-001
8.000000000000000e-003	4.220081e-001
9.000000000000001e-003	5.420909e-001
1.000000000000000e-002	6.646774e-001
1.100000000000000e-002	7.898072e-001
1.200000000000000e-002	9.175165e-001
1.300000000000001e-002	1.047747e+000
1.400000000000001e-002	1.180588e+000
1.500000000000001e-002	1.316066e+000
1.600000000000001e-002	1.454140e+000
1.700000000000001e-002	1.594828e+000
1.800000000000001e-002	1.738143e+000
1.900000000000001e-002	1.884094e+000
2.000000000000001e-002	2.032685e+000
2.100000000000001e-002	2.183915e+000
2.200000000000001e-002	2.337780e+000
2.300000000000001e-002	2.494298e+000
2.400000000000001e-002	2.653396e+000
2.500000000000002e-002	2.815083e+000
2.600000000000002e-002	2.979452e+000
2.700000000000002e-002	3.146383e+000
2.800000000000002e-002	3.315811e+000
2.900000000000002e-002	3.487842e+000
3.000000000000002e-002	3.662397e+000
3.100000000000002e-002	3.839394e+000
3.200000000000002e-002	4.018921e+000
3.300000000000002e-002	4.200823e+000
3.400000000000002e-002	4.385118e+000
3.500000000000002e-002	4.571814e+000
3.600000000000003e-002	4.760741e+000
3.700000000000003e-002	4.951953e+000
3.800000000000003e-002	5.145383e+000
3.900000000000003e-002	5.340955e+000
4.000000000000003e-002	5.538647e+000
4.100000000000003e-002	5.738425e+000
4.200000000000003e-002	5.940142e+000
4.300000000000003e-002	6.143700e+000
4.400000000000003e-002	6.349156e+000
4.500000000000003e-002	6.556451e+000
4.600000000000003e-002	6.765357e+000
4.700000000000004e-002	6.975914e+000
4.800000000000004e-002	7.188040e+000
4.900000000000004e-002	7.401599e+000
5.000000000000004e-002	7.616551e+000
5.100000000000004e-002	7.832748e+000
5.200000000000004e-002	8.050189e+000
5.300000000000004e-002	8.268762e+000
5.400000000000004e-002	8.488301e+000
5.500000000000004e-002	8.708785e+000
5.600000000000004e-002	8.930083e+000
5.700000000000004e-002	9.152065e+000
5.800000000000005e-002	9.374737e+000
5.900000000000005e-002	9.597904e+000
6.000000000000005e-002	9.821514e+000
6.100000000000005e-002	1.004541e+001
6.200000000000005e-002	1.026952e+001
6.300000000000004e-002	1.049379e+001
6.400000000000004e-002	1.071803e+001
6.500000000000004e-002	1.094217e+001
6.600000000000005e-002	1.116611e+001
6.700000000000005e-002	1.138977e+001
6.800000000000005e-002	1.161300e+001
6.900000000000005e-002	1.183579e+001
7.000000000000005e-002	1.205794e+001
7.100000000000005e-002	1.227930e+001
7.200000000000005e-002	1.249992e+001
7.300000000000005e-002	1.271964e+001
7.400000000000005e-002	1.293833e+001
7.500000000000005e-002	1.315599e+001
7.600000000000005e-002	1.337241e+001
7.700000000000006e-002	1.358749e+001
7.800000000000006e-002	1.380129e+001
7.900000000000006e-002	1.401364e+001
8.000000000000006e-002	1.422438e+001
8.100000000000006e-002	1.443356e+001
8.200000000000006e-002	1.464103e+001
8.300000000000006e-002	1.484671e+001
8.400000000000006e-002	1.505058e+001
8.500000000000006e-002	1.525254e+001
8.600000000000006e-002	1.545248e+001
8.700000000000006e-002	1.565039e+001
8.800000000000006e-002	1.584617e+001
8.900000000000007e-002	1.603982e+001
9.000000000000007e-002	1.623124e+001
9.100000000000007e-002	1.642036e+001
9.200000000000007e-002	1.660723e+001
9.300000000000007e-002	1.679167e+001
9.400000000000007e-002	1.697371e+001
9.500000000000007e-002	1.715334e+001
9.600000000000007e-002	1.733050e+001
9.700000000000007e-002	1.750514e+001
9.800000000000007e-002	1.767716e+001
9.900000000000007e-002	1.784669e+001
1.000000000000001e-001	1.801362e+001
1.010000000000001e-001	1.817787e+001
1.020000000000001e-001	1.833959e+001
1.030000000000001e-001	1.849861e+001
1.040000000000001e-001	1.865498e+001
1.050000000000001e-001	1.880874e+001
1.060000000000001e-001	1.895971e+001
1.070000000000001e-001	1.910809e+001
1.080000000000001e-001	1.925383e+001
1.090000000000001e-001	1.939681e+001
1.100000000000001e-001	1.953713e+001
1.110000000000001e-001	1.967480e+001
1.120000000000001e-001	1.980982e+001
1.130000000000001e-001	1.994217e+001
1.140000000000001e-001	2.007189e+001
1.150000000000001e-001	2.019901e+001
1.160000000000001e-001	2.032349e+001
1.170000000000001e-001	2.044539e+001
1.180000000000001e-001	2.056472e+001
1.190000000000001e-001	2.068151e+001
1.200000000000001e-001	2.079572e+001
1.210000000000001e-001	2.090742e+001
1.220000000000001e-001	2.101669e+001
1.230000000000001e-001	2.112350e+001
1.240000000000001e-001	2.122783e+001
1.250000000000001e-001	2.132974e+001
1.260000000000001e-001	2.142933e+001
1.270000000000001e-001	2.152655e+001
1.280000000000001e-001	2.162143e+001
1.290000000000001e-001	2.171405e+001
1.300000000000001e-001	2.180434e+001
1.310000000000001e-001	2.189245e+001
1.320000000000001e-001	2.197841e+001
1.330000000000001e-001	2.206220e+001
1.340000000000001e-001	2.214384e+001
1.350000000000001e-001	2.222331e+001
1.360000000000001e-001	2.230077e+001
1.370000000000001e-001	2.237623e+001
1.380000000000001e-001	2.244969e+001
1.390000000000001e-001	2.252117e+001
1.400000000000001e-001	2.259073e+001
1.410000000000001e-001	2.265837e+001
1.420000000000001e-001	2.272417e+001
1.430000000000001e-001	2.278817e+001
1.440000000000001e-001	2.285033e+001
1.450000000000001e-001	2.291073e+001
1.460000000000001e-001	2.296944e+001
1.470000000000001e-001	2.302645e+001
1.480000000000001e-001	2.308180e+001
1.490000000000001e-001	2.313549e+001
1.500000000000001e-001	2.318761e+001
1.510000000000001e-001	2.323821e+001
1.520000000000001e-001	2.328720e+001
1.530000000000001e-001	2.333472e+001
1.540000000000001e-001	2.338081e+001
1.550000000000001e-001	2.342542e+001
1.560000000000001e-001	2.346863e+001
1.570000000000001e-001	2.351046e+001
1.580000000000001e-001	2.355094e+001
1.590000000000001e-001	2.359013e+001
1.600000000000001e-001	2.362799e+001
1.610000000000001e-001	2.366460e+001
1.620000000000001e-001	2.369998e+001
1.630000000000001e-001	2.373414e+001
1.640000000000001e-001	2.376714e+001
1.650000000000001e-001	2.379894e+001
1.660000000000001e-001	2.382966e+001
1.670000000000001e-001	2.385927e+001
1.680000000000001e-001	2.388777e+001
1.690000000000001e-001	2.391523e+001
1.700000000000001e-001	2.394163e+001
1.710000000000001e-001	2.396707e+001
1.720000000000001e-001	2.399150e+001
1.730000000000001e-001	2.401498e+001
1.740000000000001e-001	2.403752e+001
1.750000000000001e-001	2.405912e+001
1.760000000000001e-001	2.407983e+001
1.770000000000001e-001	2.409965e+001
1.780000000000001e-001	2.411863e+001
1.790000000000001e-001	2.413675e+001
1.800000000000001e-001	2.415409e+001
1.810000000000001e-001	2.417061e+001
1.820000000000001e-001	2.418633e+001
1.830000000000001e-001	2.420131e+001
1.840000000000001e-001	2.421551e+001
1.850000000000001e-001	2.422902e+001
1.860000000000001e-001	2.424178e+001
1.870000000000001e-001	2.425386e+001
1.880000000000001e-001	2.426529e+001
1.890000000000001e-001	2.427599e+001
1.900000000000001e-001	2.428606e+001
1.910000000000001e-001	2.429554e+001
1.920000000000001e-001	2.430436e+001
1.930000000000001e-001	2.431257e+001
1.940000000000001e-001	2.432017e+001
1.950000000000002e-001	2.432718e+001
1.960000000000002e-001	2.433368e+001
1.970000000000002e-001	2.433957e+001
1.980000000000002e-001	2.434492e+001
1.990000000000002e-001	2.434980e+001
2.000000000000002e-001	2.435413e+001
2.010000000000002e-001	2.435792e+001
2.020000000000002e-001	2.436121e+001
2.030000000000002e-001	2.436404e+001
2.040000000000002e-001	2.436639e+001
2.050000000000002e-001	2.436825e+001
2.060000000000002e-001	2.436966e+001
2.070000000000002e-001	2.437064e+001
2.080000000000002e-001	2.437117e+001
2.090000000000002e-001	2.437126e+001
2.100000000000002e-001	2.437090e+001
2.110000000000002e-001	2.437019e+001
2.120000000000002e-001	2.436909e+001
2.130000000000002e-001	2.436751e+001
2.140000000000002e-001	2.436557e+001
2.150000000000002e-001	2.436327e+001
2.160000000000002e-001	2.436060e+001
2.170000000000002e-001	2.435760e+001
2.180000000000002e-001	2.435417e+001
2.190000000000002e-001	2.435037e+001
2.200000000000002e-001	2.434627e+001
2.210000000000002e-001	2.434185e+001
2.220000000000002e-001	2.433709e+001
2.230000000000002e-001	2.433195e+001
2.240000000000002e-001	2.432655e+001
2.250000000000002e-001	2.432081e+001
2.260000000000002e-001	2.431472e+001
2.270000000000002e-001	2.430838e+001
2.280000000000002e-001	2.430173e+001
2.290000000000002e-001	2.429476e+001
2.300000000000002e-001	2.428753e+001
2.310000000000002e-001	2.428001e+001
2.320000000000002e-001	2.427222e+001
2.330000000000002e-001	2.426411e+001
2.340000000000002e-001	2.425574e+001
2.350000000000002e-001	2.424716e+001
2.360000000000002e-001	2.423829e+001
2.370000000000002e-001	2.422914e+001
2.380000000000002e-001	2.421973e+001
2.390000000000002e-001	2.421007e+001
2.400000000000002e-001	2.420018e+001
2.410000000000002e-001	2.419008e+001
2.420000000000002e-001	2.417969e+001
2.430000000000002e-001	2.416909e+001
2.440000000000002e-001	2.415825e+001
2.450000000000002e-001	2.414717e+001
2.460000000000002e-001	2.413587e+001
2.470000000000002e-001	2.412437e+001
2.480000000000002e-001	2.411266e+001
2.490000000000002e-001	2.410068e+001
2.500000000000002e-001	2.408851e+001
2.510000000000002e-001	2.407611e+001
2.520000000000002e-001	2.406352e+001
2.530000000000002e-001	2.405077e+001
2.540000000000002e-001	2.403776e+001
2.550000000000002e-001	2.402460e+001
2.560000000000002e-001	2.401118e+001
2.570000000000002e-001	2.399757e+001
2.580000000000002e-001	2.398386e+001
2.590000000000002e-001	2.396987e+001
2.600000000000002e-001	2.395571e+001
2.610000000000002e-001	2.394140e+001
2.620000000000002e-001	2.392690e+001
2.630000000000002e-001	2.391219e+001
2.640000000000002e-001	2.389733e+001
2.650000000000002e-001	2.388229e+001
2.660000000000002e-001	2.386705e+001
2.670000000000002e-001	2.385165e+001
2.680000000000002e-001	2.383610e+001
2.690000000000002e-001	2.382041e+001
2.700000000000002e-001	2.380451e+001
2.710000000000002e-001	2.378846e+001
2.720000000000002e-001	2.377226e+001
2.730000000000002e-001	2.375590e+001
2.740000000000002e-001	2.373940e+001
2.750000000000002e-001	2.372271e+001
2.760000000000002e-001	2.370591e+001
2.770000000000002e-001	2.368896e+001
2.780000000000002e-001	2.367179e+001
2.790000000000002e-001	2.365452e+001
2.800000000000002e-001	2.363713e+001
2.810000000000002e-001	2.361958e+001
2.820000000000002e-001	2.360191e+001
2.830000000000002e-001	2.358408e+001
2.840000000000002e-001	2.356614e+001
2.850000000000002e-001	2.354805e+001
2.860000000000002e-001	2.352982e+001
2.870000000000002e-001	2.351145e+001
2.880000000000002e-001	2.349297e+001
2.890000000000002e-001	2.347442e+001
2.900000000000002e-001	2.345569e+001
2.910000000000002e-001	2.343681e+001
2.920000000000002e-001	2.341784e+001
2.930000000000002e-001	2.339879e+001
2.940000000000002e-001	2.337959e+001
2.950000000000002e-001	2.336028e+001
2.960000000000002e-001	2.334087e+001
2.970000000000002e-001	2.332136e+001
2.980000000000002e-001	2.330172e+001
2.990000000000002e-001	2.328196e+001
3.000000000000002e-001	2.326209e+001
3.010000000000002e-001	2.324216e+001
3.020000000000002e-001	2.322215e+001
3.030000000000002e-001	2.320199e+001
3.040000000000002e-001	2.318172e+001
3.050000000000002e-001	2.316144e+001
3.060000000000002e-001	2.314106e+001
3.070000000000002e-001	2.312050e+001
3.080000000000002e-001	2.309989e+001
3.090000000000002e-001	2.307923e+001
3.100000000000002e-001	2.305848e+001
3.110000000000002e-001	2.303763e+001
3.120000000000002e-001	2.301669e+001
3.130000000000002e-001	2.299570e+001
3.140000000000002e-001	2.297461e+001
3.150000000000002e-001	2.295345e+001
3.160000000000002e-001	2.293229e+001
3.170000000000002e-001	2.291098e+001
3.180000000000002e-001	2.288959e+001
3.190000000000002e-001	2.286818e+001
3.200000000000002e-001	2.284672e+001
3.210000000000002e-001	2.282517e+001
3.220000000000002e-001	2.280355e+001
3.230000000000002e-001	2.278190e+001
3.240000000000002e-001	2.276017e+001
3.250000000000002e-001	2.273837e+001
3.260000000000002e-001	2.271656e+001
3.270000000000002e-001	2.269469e+001
3.280000000000002e-001	2.267274e+001
3.290000000000002e-001	2.265077e+001
3.300000000000002e-001	2.262877e+001
3.310000000000002e-001	2.260669e+001
3.320000000000002e-001	2.258459e+001
3.330000000000002e-001	2.256243e+001
3.340000000000002e-001	2.254022e+001
3.350000000000002e-001	2.251800e+001
3.360000000000002e-001	2.249575e+001
3.370000000000002e-001	2.247351e+001
3.380000000000002e-001	2.245114e+001
3.390000000000003e-001	2.242876e+001
3.400000000000003e-001	2.240639e+001
3.410000000000003e-001	2.238395e+001
3.420000000000003e-001	2.236148e+001
3.430000000000003e-001	2.233900e+001
3.440000000000003e-001	2.231652e+001
3.450000000000003e-001	2.229397e+001
3.460000000000003e-001	2.227140e+001
3.470000000000003e-001	2.224879e+001
3.480000000000003e-001	2.222618e+001
3.490000000000003e-001	2.220361e+001
3.500000000000003e-001	2.218096e+001
3.510000000000003e-001	2.215827e+001
3.520000000000003e-001	2.213557e+001
3.530000000000003e-001	2.211282e+001
3.540000000000003e-001	2.209012e+001
3.550000000000003e-001	2.206737e+001
3.560000000000003e-001	2.204457e+001
3.570000000000003e-001	2.202180e+001
3.580000000000003e-001	2.199898e+001
3.590000000000003e-001	2.197611e+001
3.600000000000003e-001	2.195327e+001
3.610000000000003e-001	2.193040e+001
3.620000000000003e-001	2.190748e+001
3.630000000000003e-001	2.188459e+001
3.640000000000003e-001	2.186164e+001
3.650000000000003e-001	2.183866e+001
3.660000000000003e-001	2.181567e+001
3.670000000000003e-001	2.179266e+001
3.680000000000003e-001	2.176959e+001
3.690000000000003e-001	2.174646e+001
3.700000000000003e-001	2.172340e+001
3.710000000000003e-001	2.170027e+001
3.720000000000003e-001	2.167702e+001
3.730000000000003e-001	2.165382e+001
3.740000000000003e-001	2.163060e+001
3.750000000000003e-001	2.160728e+001
3.760000000000003e-001	2.158395e+001
3.770000000000003e-001	2.156060e+001
3.780000000000003e-001	2.153719e+001
3.790000000000003e-001	2.151369e+001
3.800000000000003e-001	2.149016e+001
3.810000000000003e-001	2.146666e+001
3.820000000000003e-001	2.144305e+001
3.830000000000003e-001	2.141932e+001
3.840000000000003e-001	2.139558e+001
3.850000000000003e-001	2.137181e+001
3.860000000000003e-001	2.134798e+001
3.870000000000003e-001	2.132403e+001
3.880000000000003e-001	2.129999e+001
3.890000000000003e-001	2.127591e+001
3.900000000000003e-001	2.125173e+001
3.910000000000003e-001	2.122749e+001
3.920000000000003e-001	2.120316e+001
3.930000000000003e-001	2.117872e+001
3.940000000000003e-001	2.115417e+001
3.950000000000003e-001	2.112953e+001
3.960000000000003e-001	2.110482e+001
3.970000000000003e-001	2.107997e+001
3.980000000000003e-001	2.105501e+001
3.990000000000003e-001	2.102988e+001
4.000000000000003e-001	2.100469e+001
4.010000000000003e-001	2.097942e+001
4.020000000000003e-001	2.095393e+001
4.030000000000003e-001	2.092827e+001
4.040000000000003e-001	2.090255e+001
4.050000000000003e-001	2.087665e+001
4.060000000000003e-001	2.085057e+001
4.070000000000003e-001	2.082440e+001
4.080000000000003e-001	2.079802e+001
4.090000000000003e-001	2.077150e+001
4.100000000000003e-001	2.074475e+001
4.110000000000003e-001	2.071784e+001
4.120000000000003e-001	2.069078e+001
4.130000000000003e-001	2.066353e+001
4.140000000000003e-001	2.063607e+001
4.150000000000003e-001	2.060835e+001
4.160000000000003e-001	2.058045e+001
4.170000000000003e-001	2.055241e+001
4.180000000000003e-001	2.052411e+001
4.190000000000003e-001	2.049553e+001
4.200000000000003e-001	2.046676e+001
4.210000000000003e-001	2.043779e+001
4.220000000000003e-001	2.040854e+001
4.230000000000003e-001	2.037908e+001
4.240000000000003e-001	2.034935e+001
4.250000000000003e-001	2.031932e+001
4.260000000000003e-001	2.028908e+001
4.270000000000003e-001	2.025855e+001
4.280000000000003e-001	2.022776e+001
4.290000000000003e-001	2.019670e+001
4.300000000000003e-001	2.016534e+001
4.310000000000003e-001	2.013369e+001
4.320000000000003e-001	2.010173e+001
4.330000000000003e-001	2.006954e+001
4.340000000000003e-001	2.003698e+001
4.350000000000003e-001	2.000416e+001
4.360000000000003e-001	1.997100e+001
4.370000000000003e-001	1.993751e+001
4.380000000000003e-001	1.990374e+001
4.390000000000003e-001	1.986958e+001
4.400000000000003e-001	1.983518e+001
4.410000000000003e-001	1.980040e+001
4.420000000000003e-001	1.976528e+001
4.430000000000003e-001	1.972982e+001
4.440000000000003e-001	1.969399e+001
4.450000000000003e-001	1.965784e+001
4.460000000000003e-001	1.962135e+001
4.470000000000003e-001	1.958451e+001
4.480000000000003e-001	1.954730e+001
4.490000000000003e-001	1.950974e+001
4.500000000000003e-001	1.947175e+001
4.510000000000004e-001	1.943347e+001
4.520000000000004e-001	1.939482e+001
4.530000000000004e-001	1.935573e+001
4.540000000000004e-001	1.931630e+001
4.550000000000004e-001	1.927657e+001
4.560000000000004e-001	1.923639e+001
4.570000000000004e-001	1.919580e+001
4.580000000000004e-001	1.915491e+001
4.590000000000004e-001	1.911363e+001
4.600000000000004e-001	1.907193e+001
4.610000000000004e-001	1.902984e+001
4.620000000000004e-001	1.898738e+001
4.630000000000004e-001	1.894456e+001
4.640000000000004e-001	1.890136e+001
4.650000000000004e-001	1.885776e+001
4.660000000000004e-001	1.881376e+001
4.670000000000004e-001	1.876939e+001
4.680000000000004e-001	1.872464e+001
4.690000000000004e-001	1.867947e+001
4.700000000000004e-001	1.863400e+001
4.710000000000004e-001	1.858811e+001
4.720000000000004e-001	1.854179e+001
4.730000000000004e-001	1.849516e+001
4.740000000000004e-001	1.844811e+001
4.750000000000004e-001	1.840074e+001
4.760000000000004e-001	1.835299e+001
4.770000000000004e-001	1.830479e+001
4.780000000000004e-001	1.825627e+001
4.790000000000004e-001	1.820745e+001
4.800000000000004e-001	1.815818e+001
4.810000000000004e-001	1.810857e+001
4.820000000000004e-001	1.805862e+001
4.830000000000004e-001	1.800830e+001
4.840000000000004e-001	1.795767e+001
4.850000000000004e-001	1.790664e+001
4.860000000000004e-001	1.785528e+001
4.870000000000004e-001	1.780359e+001
4.880000000000004e-001	1.775159e+001
4.890000000000004e-001	1.769925e+001
4.900000000000004e-001	1.764651e+001
4.910000000000004e-001	1.759349e+001
4.920000000000004e-001	1.754019e+001
4.930000000000004e-001	1.748657e+001
4.940000000000004e-001	1.743262e+001
4.950000000000004e-001	1.737835e+001
4.960000000000004e-001	1.732378e+001
4.970000000000004e-001	1.726894e+001
4.980000000000004e-001	1.721381e+001
4.990000000000004e-001	1.715841e+001
5.000000000000000e-001	1.698441e+001
